104.462, 107.183, 65880.1, 1150.72, 0.532709, 2.53208e-05, 0.998114, 0.971918, 0, 0
58.0938, 74.0849, 60536.6, 1313.24, 0.027533, 1, 0.00138, 0.827386, 0, 0
114.377, 113.737, 87949.2, 1296.55, 0.004324, 0.211024, 0.003285, 1, 0, 0
31.4701, 35.1493, 26653.1, 633.84, 0.059584, 0.348889, 0.860196, 0.740162, 0, 0
35.677, 44.3848, 29838.6, 751.753, 0.532709, 4.8736e-06, 0.647562, 0.865668, 0, 0
40.6452, 39.9372, 24625.3, 705.668, 0.059584, 0.027533, 0.889771, 0.780626, 0, 0
9.99249, 29.7011, 2216.79, 409.32, 0.04096, 0.49956, 0.998682, 0.997966, 0, 0
72.128, 57.3961, 32255.2, 748.898, 4.8736e-06, 1, 0.989601, 0.629828, 0, 0
68.9523, 57.9025, 51894.7, 960.847, 0.027533, 2.53208e-05, 0.989729, 0.976011, 0, 0
27.991, 31.6217, 9774.07, 438.065, 0.117275, 0.00145, 0.742157, 0.986273, 0, 0
31.2524, 63.5434, 14336.7, 577.116, 0.013853, 0.255875, 0.999998, 1.2529e-08, 0, 0
357.367, 242.029, 383002, 3121.57, 1, 7.84157e-07, 1, 0.429989, 1, 0
31.4029, 54.5843, 26695.6, 680.724, 0.627103, 0.417692, 0.910299, 0.091049, 0, 0
52.6991, 60.6622, 38367.3, 902.156, 0.004324, 0.00145, 0.989199, 1, 0, 0
37.0102, 42.6235, 14748.1, 516.03, 0.011508, 0.755229, 0.99774, 0.954137, 0, 0
55.5612, 37.685, 18470.1, 577.985, 0.755229, 0.348889, 0.005684, 0.849823, 0, 0
89.0955, 98.6067, 95533.8, 1312.8, 1, 0.059584, 0.904145, 0.997908, 0, 0
50.6591, 49.7027, 28249.8, 768.87, 1, 0.117275, 0.997937, 0.992628, 0, 0
56.7312, 44.7322, 27103.9, 692.21, 0.532709, 0.348889, 0.997607, 0.960822, 0, 0
32.2178, 22.4122, 4009.07, 348.84, 0.348889, 0.117275, 1, 0.008193, 0, 0
106.479, 57.4968, 50556.8, 856.788, 0.016589, 0.016589, 0.080103, 0.849234, 0, 0
40.6159, 39.4876, 5907.57, 494.54, 0.348889, 1, 1, 0.649814, 0, 0
85.1019, 70.228, 36655.6, 766.688, 1, 0.117275, 0.970444, 0.316141, 0, 0
159.544, 61.6143, 109448, 1328.97, 0.059584, 0.348889, 0.986237, 0.106488, 1, 0
36.0686, 37.4621, 9264.26, 482.621, 0.755229, 0.755229, 0.999999, 0.81674, 0, 0
62.0607, 54.2137, 22642.8, 611.017, 1.94158e-06, 0.405032, 0.932291, 0.896886, 0, 0
51.4222, 72.3127, 43733.1, 913.137, 0.522397, 0.001065, 0.993294, 0.998891, 0, 0
70.037, 67.4294, 36041.6, 888.278, 0.059584, 0.532709, 1, 0.999084, 0, 0
82.0643, 92.128, 109676, 1294.64, 0.053252, 0.000294077, 0.967131, 1, 0, 0
68.4514, 92.8485, 49403.7, 1110.89, 0.000430857, 0.532709, 0.999959, 0.999064, 0, 0
22.2534, 21.2948, 3391.14, 354.421, 0.532709, 1, 1, 0.0353, 0, 0
66.2946, 56.6425, 22832.3, 639.189, 0.007632, 0.002563, 0.998094, 1, 0, 0
65.7796, 56.0418, 67650.4, 1204.29, 0.635828, 0.874629, 0.907525, 0.197595, 0, 0
28.3882, 15.8567, 4753.5, 282.76, 0.532709, 0.117275, 0.999758, 0.88131, 0, 0
68.9045, 59.8975, 45316.5, 1151.83, 0.348889, 0.000112221, 0.005367, 0.949729, 0, 0
192.564, 86.7923, 39623.9, 947.812, 0.00145, 0.000112221, 1, 0.076436, 1, 0
437.429, 230.818, 585006, 3522.04, 0.348889, 9.09495e-13, 0.99852, 0.170334, 1, 0
48.2274, 52.2428, 31502.5, 817.819, 1, 0.211024, 0.999897, 0.816043, 0, 0
15.0637, 16.4172, 3426.94, 303.761, 0.211024, 0.211024, 0.910012, 0.022574, 0, 0
162.469, 173.585, 188857, 1987.12, 0.009475, 0.053252, 0.999019, 0.002341, 0, 0
66.8893, 113.052, 58477.1, 1250.1, 0.874629, 0.038477, 0.999978, 0.216645, 0, 0
13.5355, 32.1112, 4189.15, 475.923, 0.211024, 0.348889, 0.002268, 0.406662, 0, 0
39.2339, 26.8748, 14228.7, 519.335, 1, 0.072951, 0.02631, 0.771889, 0, 0
30.6972, 19.2883, 8201.09, 365.974, 0.871415, 0.627103, 0.944892, 0.619177, 0, 0
18.0438, 9.3845, 1748.77, 175.449, 0.871415, 0.033552, 0.999626, 0.025347, 0, 0
48.7814, 61.2231, 62390.9, 1111.07, 0.033552, 0.627103, 0.856237, 0.139816, 0, 0
30.1821, 21.2219, 10790, 446.424, 0.627103, 0.033552, 0.999391, 0.325944, 0, 0
45.246, 48.6229, 23926.9, 686.953, 0.627103, 0.417692, 0.242678, 0.0713, 0, 0
183.956, 48.9691, 29312.7, 721.779, 5.39876e-09, 0.001658, 1, 0.998758, 1, 0
22.7656, 12.5208, 3228.36, 235.499, 0.143307, 0.255875, 4.0511e-05, 0.823393, 0, 0
128.815, 72.7984, 77682.2, 1265.08, 0.000116167, 0.033552, 0.999721, 0.99905, 0, 0
48.6849, 35.7422, 17986.5, 537.388, 0.143307, 0.072951, 0.959524, 0.245834, 0, 0
17.3499, 9.01051, 2355.91, 193.97, 0.871415, 0.033552, 0.96172, 0.84067, 0, 0
36.7996, 38.6391, 22811.4, 627.429, 0.871415, 0.417692, 0.080943, 0.354384, 0, 0
30.7438, 10.0146, 1596.66, 148.904, 0.405032, 2.91038e-11, 0.002081, 0.963183, 0, 0
24.5858, 7.79905, 2727.72, 203.082, 0.871415, 0.005098, 0.041248, 0.351628, 0, 0
27.5708, 17.9761, 7033.11, 378.458, 1, 0.417692, 0.000329313, 1, 0, 0
15.4453, 11.7583, 2595.32, 245.013, 0.871415, 0.417692, 0.960837, 0.530943, 0, 0
75.5244, 93.0332, 111339, 1493.45, 0.627103, 5.39876e-09, 0.907833, 0.245228, 0, 0
47.9762, 40.9313, 23715.4, 609.426, 0.033552, 0.033552, 0.982486, 0.67131, 0, 0
52.8803, 51.5283, 47057.8, 917.291, 0.871415, 1, 0.740617, 0.710864, 0, 0
70.6776, 100.806, 78322.5, 1306.85, 0.072951, 0.255875, 0.919029, 1, 0, 0
28.0212, 25.7461, 8229.99, 373.021, 0.871415, 1, 0.995249, 0.818267, 0, 0
41.1398, 37.3207, 20729.5, 595.45, 0.871415, 0.417692, 0.15397, 0.005316, 0, 0
130.369, 58.6319, 76760.8, 1149.88, 0.000471987, 0.000471987, 0.999953, 0.157791, 1, 0
23.558, 52.5797, 34581.1, 890.35, 0.336784, 2.42991e-06, 0.986812, 0.023607, 0, 0
15.3566, 26.5146, 5716.2, 342.613, 0.08069, 1.9465e-08, 0.000445505, 0.92079, 0, 0
34.8716, 55.8633, 27123.4, 717.294, 0.020062, 0.002102, 0.965744, 0.276322, 0, 0
21.9863, 42.5541, 29205.8, 702.295, 0.871415, 6.03854e-07, 0.998896, 0.998719, 0, 0
22.9856, 42.4753, 18120.6, 564.481, 0.867939, 1.94122e-08, 0.312574, 0.998753, 0, 0
15.1534, 28.8962, 12177.8, 481.011, 0.874629, 0.635828, 0.02253, 0.996137, 0, 0
12.7693, 30.6187, 10297.6, 481.74, 0.007632, 1.23313e-07, 0.984186, 0.996339, 0, 0
23.8861, 44.8286, 26690.2, 646.639, 0.187742, 0.000191076, 0.750836, 0.99901, 0, 0
32.2356, 67.8817, 48433.5, 1006, 0.00145, 0.011508, 0.022393, 1, 0, 0
25.6044, 55.2115, 50854.5, 938.829, 0.348889, 0.000430857, 0.012873, 1, 0, 0
28.9955, 72.4716, 65697.1, 1117.36, 0.749259, 0.003378, 0.000360537, 1, 0, 0
19.2909, 41.1393, 24027.5, 705.389, 0.027533, 2.53208e-05, 0.040185, 0.995782, 0, 0
39.3514, 81.7907, 30566.8, 966.219, 0.324009, 0.047031, 0.99954, 1, 0, 0
14.8885, 31.7918, 15575.1, 595.908, 0.143307, 4.25596e-06, 0.274959, 0.827114, 0, 0
25.7873, 47.9357, 19483.8, 778.983, 0.003933, 0.000312551, 0.96947, 0.810925, 0, 0
56.7762, 89.5106, 77912.1, 1101.77, 0.143307, 2.83762e-10, 0.000304696, 0.986958, 0, 0
18.3357, 50.4859, 25791.4, 819.784, 0.00050826, 0.001878, 0.001113, 0.944561, 0, 0
46.5621, 99.6397, 102134, 1389.25, 1, 0.009475, 0.992894, 0.994179, 0, 0
15.6084, 37.4104, 18264.6, 615.749, 1, 7.42753e-06, 0.141424, 0.998769, 0, 0
18.9963, 44.709, 20833.5, 605.072, 0.132498, 1.29135e-05, 0.000838874, 1, 0, 0
20.7663, 47.5421, 11360.2, 839.609, 0.874629, 0.000679548, 0.999991, 0.829387, 0, 0
30.4824, 68.3678, 26714.7, 959.646, 0.016674, 0.000116842, 0.999851, 0.282338, 0, 0
29.5874, 53.4347, 39686.8, 809.22, 0.728332, 0.080143, 0.054309, 0.663296, 0, 0
43.4138, 42.2014, 26914.2, 703.079, 0.324009, 0.020074, 0.973541, 0.131404, 0, 0
34.2516, 41.0248, 15939.6, 496.087, 0.867939, 0.242985, 0.004982, 0.902796, 0, 0
26.4019, 26.6511, 8644.28, 372.089, 0.187742, 0.098872, 0.131305, 0.498148, 0, 0
42.9633, 66.6372, 54466.3, 1018.99, 1, 0.742829, 0.013036, 0.975376, 0, 0
79.6006, 111.816, 10934.9, 604.374, 0.000728607, 7.62939e-05, 1, 0.009695, 0, 0
19.7983, 38.7353, 9795.05, 495.278, 0.189247, 0.000221252, 0.952805, 0.00121, 0, 0
64.5513, 52.7346, 13789.9, 707.866, 0.019211, 0.019211, 0.999999, 0.669827, 0, 0
25.9895, 51.6925, 10693.5, 616.025, 0.011818, 1.90735e-06, 0.963091, 0.0723, 0, 0
116.894, 173.672, 240633, 2026.49, 0.006427, 0.635828, 0.987528, 0.981928, 0, 0
103.477, 195.406, 281723, 2168.1, 0.143307, 0.072951, 0.001712, 0.269946, 0, 0
59.3384, 105.906, 94848.3, 1383.56, 0.016589, 0.874629, 0.031078, 0.998493, 0, 0
93.2989, 163.1, 258799, 2128.26, 0.053252, 0.003378, 0.000166274, 1, 0, 0
98.2896, 187.592, 241410, 2180.19, 0.143307, 0.000471987, 0.997724, 0.997581, 0, 0
48.9076, 74.2949, 68650.1, 1090.7, 1, 8.36459e-06, 0.856629, 0.88533, 0, 0
100.54, 158.008, 172622, 1682.24, 0.006427, 0.016589, 0.231373, 0.996189, 0, 0
71.8074, 124.318, 206297, 1726.9, 0.874629, 0.08069, 0.968059, 1, 0, 0
53.5461, 89.9871, 107842, 1428.02, 0.15386, 8.36459e-06, 0.07915, 0.00091707, 0, 0
86.8501, 124.723, 162658, 1721.26, 0.874629, 0.000182166, 0.999649, 0.998607, 0, 0
80.4251, 134.468, 204693, 1803.71, 0.000182166, 0.006427, 0.005037, 0.996155, 0, 0
85.0214, 114.122, 182232, 1713.56, 0.002563, 0.047031, 0.006811, 0.997744, 0, 0
36.0186, 53.3754, 35539.8, 761.484, 0.749259, 0.000294077, 0.29867, 1, 0, 0
70.0092, 104.897, 161669, 1627.45, 0.038477, 0.038477, 0.00151, 0.900413, 0, 0
66.2654, 116.019, 114159, 1874.92, 0.336784, 0.009475, 0.99237, 0.998687, 0, 0
257.716, 182.966, 141116, 1538.9, 0.871415, 7.27596e-12, 9.5407e-07, 0.83758, 0, 0
38.2444, 76.2257, 69844.1, 1301.82, 0.532709, 4.8736e-06, 0.998757, 0.991493, 0, 0
56.3281, 86.1777, 71281.1, 1407.45, 0.348889, 1, 0.044331, 0.469575, 0, 0
44.2362, 70.2159, 62011.4, 1295.94, 0.755229, 1, 0.994402, 0.034647, 0, 0
196.805, 159.821, 154283, 1587.67, 0.755229, 0.011508, 7.29314e-06, 0.001395, 0, 0
142.761, 88.3543, 102161, 1575.94, 0.004324, 0.011508, 0.000273009, 0.161771, 0, 0
83.1792, 133.298, 86910.2, 1971.19, 1, 0.755229, 0.999408, 0.999074, 0, 0
99.769, 145.453, 245317, 2493.3, 0.117275, 0.011508, 0.994761, 0.202455, 0, 0
84.4255, 189.285, 262519, 2856.65, 0.117275, 0.755229, 0.014093, 0.99527, 0, 0
99.7403, 203.15, 330474, 3031.97, 0.532709, 0.000430857, 0.998891, 0.991111, 0, 0
81.8243, 185.65, 330578, 2812.2, 0.749259, 0.009475, 0.020222, 0.990052, 0, 0
132.105, 226.107, 396884, 3214.29, 0.348889, 0.00145, 0.005003, 0.999067, 0, 0
121.621, 219.419, 396468, 3220.84, 0.268187, 0.429591, 0.053779, 0.97594, 0, 0
132.66, 225.924, 470745, 3353.8, 0.348889, 0.00145, 0.999157, 0.889878, 0, 0
53.387, 166.211, 286526, 2655.36, 0.027533, 0.000430857, 0.950965, 0.990099, 0, 0
137.389, 171.868, 137498, 2381.26, 4.8736e-06, 0.755229, 0.999945, 0.831319, 0, 0
79.3712, 148.902, 258202, 2518.25, 0.027533, 0.004324, 0.913001, 0.00012493, 0, 0
88.0359, 136.437, 122970, 2144.76, 0.755229, 0.059584, 0.902441, 0.863949, 0, 0
81.2234, 194.049, 246304, 2847.86, 0.429591, 0.038477, 0.069897, 1, 0, 0
66.8622, 153.543, 84767.4, 2135.3, 0.532709, 0.532709, 0.007071, 0.998691, 0, 0
58.3142, 119.201, 99842.4, 1877.57, 0.016589, 0.635828, 0.172454, 0.858253, 0, 0
74.921, 126.888, 95944.7, 1969.12, 0.348889, 0.000112221, 0.031755, 0.997214, 0, 0
127.882, 150.471, 172260, 2321.86, 2.53208e-05, 0.000430857, 0.99938, 0.741637, 0, 0
28.9064, 19.6679, 7638.91, 333.132, 1, 0.00145, 0.999966, 0.002085, 0, 0
56.1754, 36.4278, 11362.3, 446.09, 0.117275, 0.755229, 0.002517, 0.947628, 0, 0
279.587, 134.119, 169309, 1646.99, 0.011508, 1.02584e-07, 1.18954e-05, 0.160992, 1, 0
66.9377, 85.3654, 116971, 1484.07, 1, 0.348889, 0.999961, 0.726591, 0, 0
13.1221, 15.5174, 3381.58, 267.889, 0.348889, 0.027533, 0.999655, 0.615772, 0, 0
100.103, 90.4206, 37911.1, 931.403, 0.755229, 0.000430857, 5.88408e-09, 5.82585e-13, 0, 0
87.447, 80.4309, 27821.9, 912.149, 1, 0.011508, 3.19534e-08, 0.218567, 0, 0
33.5476, 41.3262, 10470.9, 612.88, 0.755229, 0.027533, 1, 0.729604, 0, 0
66.8525, 76.1358, 65670, 1104.69, 1, 0.211024, 0.01234, 0.778952, 0, 0
178.126, 149.343, 285600, 2361.79, 1, 0.000112221, 0.001449, 0.00486, 0, 0
131.755, 87.4761, 52511.2, 987.198, 4.8736e-06, 0.000112221, 2.24276e-08, 0.562961, 0, 0
70.5345, 96.2867, 103947, 1380.35, 0.635828, 0.08069, 0.994409, 0.406475, 0, 0
31.1679, 41.101, 26093.3, 720.846, 1, 0.755229, 0.999999, 0.226006, 0, 0
48.967, 49.1692, 43784.8, 853.23, 0.348889, 0.755229, 0.936148, 0.19601, 0, 0
50.1559, 66.0699, 46845.3, 907.936, 0.011508, 0.000430857, 0.999995, 0.997305, 0, 0
124.942, 154.091, 194939, 1988.46, 0.755229, 0.532709, 0.999931, 0.480589, 0, 0
102.703, 102.682, 143017, 1522.25, 1, 0.117275, 0.101888, 0.507101, 0, 0
102.046, 121.625, 137315, 1521.27, 0.00145, 1, 0.018782, 1, 0, 0
83.4389, 104.935, 126335, 1499.79, 0.211024, 0.059584, 0.99956, 0.932335, 0, 0
80.2728, 100.18, 134259, 1544.25, 0.023703, 2.42991e-06, 0.993972, 0.149931, 0, 0
68.3839, 124.461, 109633, 1507.97, 1, 0.009475, 0.999674, 1, 0, 0
67.3855, 91.6142, 112254, 1570.04, 0.199591, 1, 0.999992, 0.98939, 0, 0
259.496, 128.481, 149145, 1661.09, 7.02548e-05, 7.02548e-05, 1, 0.140934, 0, 0
68.462, 105.146, 105750, 1415.86, 0.199591, 1, 0.999951, 0.998717, 0, 0
74.631, 83.2035, 103593, 1458.63, 0.009475, 0.199591, 0.015507, 0.971079, 0, 0
58.9542, 110.458, 112209, 1477.79, 0.108129, 1.42993e-05, 0.999968, 0.995639, 0, 0
66.3197, 129.171, 108774, 1567.71, 1, 0.000294077, 0.999996, 0.999074, 0, 0
91.122, 128.097, 211645, 1917.87, 0.522397, 2.42991e-06, 0.984227, 1, 0, 0
83.5307, 127.641, 142368, 1837.21, 0.199591, 0.053252, 0.999998, 0.993599, 0, 0
97.8664, 117.239, 170421, 1719.9, 0.053252, 0.336784, 0.999988, 0.163719, 0, 0
95.9251, 140.602, 261353, 2171.63, 0.324009, 0.000752897, 0.930914, 0.531277, 0, 0
343.796, 250.133, 504153, 3027.86, 0.023703, 0.108129, 1, 0.022589, 0, 0
100.275, 162.879, 180599, 1906.28, 0.336784, 0.009475, 0.9989, 0.998518, 0, 0
147.266, 114.543, 210942, 1809.46, 0.000294077, 0.199591, 0.061465, 0.015939, 0, 0
61.6907, 126.659, 210093, 1871.08, 1, 0.007632, 0.985297, 0.982369, 0, 0
88.6364, 181.607, 162457, 1971.06, 0.522397, 0.023703, 0.999977, 0.995785, 0, 0
87.8771, 124.088, 214242, 1984.1, 0.053252, 0.336784, 0.999988, 1, 0, 0
91.387, 122.166, 210137, 1976.88, 0.050102, 0.002102, 0.999696, 0.987663, 0, 0
89.5088, 141.355, 167315, 1915, 0.749259, 0.000294077, 0.999971, 0.997915, 0, 0
79.685, 143.816, 226770, 2124.77, 0.522397, 0.199591, 0.998726, 0.998636, 0, 0
25.5768, 30.6956, 11387.7, 547.702, 0.187742, 0.002563, 0.990291, 0.951435, 0, 0
23.8845, 33.6633, 20277, 617.265, 1, 7.42753e-06, 0.881535, 0.992435, 0, 0
49.8129, 46.6992, 27525.8, 703.706, 0.047031, 0.098872, 0.999919, 0.007772, 0, 0
25.8943, 26.2302, 10240.6, 458.224, 0.187742, 0.020074, 0.999937, 0.022934, 0, 0
191.849, 101.269, 99714.2, 1298.44, 0.007632, 0.000191076, 1.75976e-06, 0.122861, 0, 0
49.4328, 50.8388, 33373.2, 746.216, 0.324009, 0.187742, 0.99937, 0.937614, 0, 0
47.4189, 43.2923, 30810, 713.4, 1, 0.000191076, 0.951125, 0.753883, 0, 0
49.2841, 43.6589, 17063, 602.749, 0.132498, 0.242985, 1, 0.561227, 0, 0
49.4703, 49.5475, 32569.5, 793.488, 0.098872, 0.324009, 0.949278, 0.999087, 0, 0
51.4034, 50.5838, 26224.7, 803.505, 0.020074, 0.000191076, 0.999997, 0.031693, 0, 0
35.4753, 43.5759, 19112.1, 661.542, 0.007632, 0.511376, 0.001782, 0.997817, 0, 0
54.523, 38.0554, 13084.1, 574.656, 0.324009, 0.324009, 0.999999, 0.041938, 0, 0
36.5437, 40.2047, 14931, 503.277, 0.132498, 0.617719, 0.853971, 0.990247, 0, 0
55.2914, 54.9502, 33190.3, 828.013, 0.002563, 1.08439e-06, 0.997858, 1, 0, 0
39.3429, 41.3414, 11392.1, 476.757, 0.324009, 1, 0.993742, 1, 0, 0
40.3305, 40.9121, 25335.9, 699.098, 0.324009, 0.007632, 0.99604, 0.135998, 0, 0
55.8494, 50.8425, 22979.4, 609.083, 0.020074, 0.324009, 0.999135, 0.604048, 0, 0
56.5102, 54.6025, 31223, 701.588, 0.098872, 0.098872, 0.975965, 0.96706, 0, 0
57.9305, 57.5892, 30325, 751.943, 0.187742, 4.12576e-05, 0.958989, 0.832861, 0, 0
18.8406, 27.6178, 6583.99, 452.315, 0.324009, 0.324009, 0.999785, 0.957437, 0, 0
61.5876, 69.4623, 45525.4, 1031.58, 0.002563, 0.000752897, 0.990544, 0.236668, 0, 0
66.6297, 77.7665, 42318.6, 921.474, 0.002563, 7.42753e-06, 0.999292, 1, 0, 0
43.261, 41.0978, 28008, 742.692, 0.742829, 0.000191076, 0.967681, 0.818669, 0, 0
48.291, 48.3882, 30844.5, 708.682, 0.187742, 0.742829, 0.002984, 0.995758, 0, 0
57.2394, 46.0399, 27683.1, 674.202, 1, 1.23313e-07, 0.000530757, 0.934884, 0, 0
23.519, 59.557, 14005, 762.922, 0.755229, 2.53208e-05, 0.00030657, 0.861169, 0, 0
29.7346, 72.0048, 46574.6, 1192.81, 0.211024, 3.81988e-11, 1.02961e-05, 0.422015, 0, 0
21.8044, 44.2839, 5334.53, 340.009, 2.53208e-05, 3.81988e-11, 1.07559e-15, 0.689244, 0, 0
20.7687, 42.5972, 12941.9, 616.025, 0.117275, 7.83984e-10, 1.20598e-08, 0.12181, 0, 0
34.5982, 94.2891, 34461.6, 1175.51, 0.211024, 0.000430857, 1.17061e-09, 0.943146, 0, 0
10.9327, 20.9721, 2376.44, 236.963, 0.004324, 3.81988e-11, 8.94576e-06, 0.998355, 0, 0
22.8717, 46.4572, 17623.6, 543.438, 0.004324, 1.04792e-08, 6.63945e-05, 1, 0, 0
21.8396, 44.5916, 5421.08, 373.319, 0.011508, 1.04792e-08, 4.02645e-13, 0.994648, 0, 0
20.3843, 44.7012, 25024.6, 714.837, 0.749259, 3.35316e-07, 0.325552, 0.998446, 0, 0
23.1301, 41.6024, 16371.2, 590.923, 0.027533, 1.04792e-08, 0.05146, 0.99564, 0, 0
23, 41.5752, 9376.67, 403.168, 0.08069, 7.45786e-11, 0.999917, 1, 0, 0
24.0245, 39.101, 15812.5, 554.974, 0.009475, 0.003378, 0.99982, 0.995358, 0, 0
33.2393, 61.6608, 46299.7, 907.538, 4.2277e-05, 0.000679548, 0.001071, 0.993811, 0, 0
17.7224, 35.5014, 9613.67, 473.223, 0.027533, 4.8736e-06, 0.000520793, 0.998553, 0, 0
15.3087, 27.978, 12144.6, 469.896, 0.00145, 7.83984e-10, 0.000820899, 0.98528, 0, 0
31.9452, 55.2266, 26641.1, 759.634, 0.00145, 0.00145, 0.959674, 0.988873, 0, 0
34.0163, 53.0625, 34298, 785.331, 4.8736e-06, 1.04792e-08, 0.996818, 0.276838, 0, 0
28.9249, 43.1722, 11747.3, 509.176, 1, 0.000312551, 0.000270821, 0.901739, 0, 0
16.4053, 32.6299, 10447.3, 528.782, 0.742829, 0.000752897, 0.017989, 1, 0, 0
31.7417, 51.3277, 45280.4, 837.783, 0.117275, 1.02584e-07, 0.945277, 0.996386, 0, 0
68.2717, 50.1374, 31168.9, 723.554, 0.011508, 0.000430857, 0.989581, 0.99506, 0, 0
42.3883, 35.5896, 17120.4, 526.068, 0.532709, 0.211024, 0.265237, 0.997425, 0, 0
78.1946, 47.6938, 26747.4, 637.394, 0.229481, 0.391528, 0.283646, 0.358307, 0, 0
64.1532, 79.8738, 59667.5, 947.398, 0.117275, 1, 0.110657, 0.979537, 0, 0
73.8787, 38.3461, 33614.9, 708.463, 0.027533, 0.755229, 0.002008, 0.00055336, 0, 0
32.195, 19.9115, 5928.42, 358.211, 0.532709, 0.755229, 0.999985, 0.472811, 0, 0
44.6431, 22.6886, 17030.5, 516.885, 0.348889, 1, 0.845466, 0.451703, 0, 0
81.8478, 52.7647, 47100.2, 873.364, 0.000430857, 1, 0.999668, 1, 0, 0
40.5332, 46.7663, 29525, 793.334, 0.755229, 1, 0.994629, 0.914176, 0, 0
107.644, 77.3601, 109466, 1302.86, 0.532709, 0.348889, 0.999116, 0.862028, 0, 0
45.5442, 34.6333, 21356, 563.552, 0.211024, 0.000112221, 0.919191, 0.91239, 0, 0
58.9264, 54.0734, 15999.3, 622.208, 0.755229, 0.00145, 1, 0.638653, 0, 0
150.405, 132.792, 181255, 1808.22, 0.027533, 1, 0.998539, 0.092246, 0, 0
173.65, 151.044, 89075, 1414.85, 0.027533, 0.348889, 3.91945e-06, 0.011177, 0, 0
178.786, 119.339, 164135, 1678.37, 0.117275, 0.348889, 0.998825, 0.0159, 0, 0
95.3978, 63.2008, 58160, 968.152, 0.755229, 0.000112221, 0.000945841, 0.00024051, 0, 0
9.47387, 6.86659, 477.681, 101.316, 1, 0.296206, 1, 0.015572, 0, 0
8.71253, 9.23808, 948.919, 156.887, 0.728332, 0.48685, 0.891363, 0.180478, 0, 0
33.2963, 32.8613, 3936.72, 288.206, 0.004551, 0.080143, 0.999999, 0.996701, 0, 0
397.159, 52.7854, 21191.2, 853.94, 7.91624e-09, 2.32831e-10, 9.12583e-13, 7.74554e-05, 1, 0
313.288, 52.0947, 22462.4, 906.799, 1.09286e-05, 2.32831e-10, 1.31812e-08, 0.003168, 1, 0
18.69, 8.84216, 1308.13, 163.613, 0.162756, 0.48685, 0.999983, 0.99807, 0, 0
20.7451, 10.1551, 1398.08, 171.021, 1, 0.080143, 1, 0.023094, 0, 0
102.106, 68.7721, 34233.6, 854.975, 1, 7.91624e-09, 0.981904, 0.030339, 0, 0
92.7152, 63.8809, 27540, 862.227, 0.48685, 0.004551, 1, 0.251918, 0, 0
231.913, 56.9732, 3342.82, 451.441, 2.32831e-10, 2.32831e-10, 1, 2.54788e-21, 1, 0
157.754, 23.2, 52779.7, 921.017, 7.91624e-09, 0.035082, 1.09433e-05, 0.451755, 1, 0
98.5857, 58.7833, 37197.8, 854.186, 0.296206, 0.080143, 1, 0.126781, 0, 0
64.6368, 43.1463, 28389.2, 694.995, 0.08069, 0.429591, 0.99974, 0.119307, 0, 0
72.2442, 55.3531, 44750.8, 1081.95, 0.532709, 0.027533, 0.985238, 0.51467, 0, 0
130.759, 108.837, 250432, 2003.97, 1, 0.000430857, 0.104882, 0.550453, 0, 0
63.4764, 41.2939, 24992.3, 649.514, 0.348889, 0.00145, 0.971122, 0.988742, 0, 0
99.7078, 117.548, 131279, 2300.1, 0.755229, 0.755229, 0.999993, 0.988011, 0, 0
49.1798, 36.9525, 21626, 644.792, 0.532709, 1, 0.972876, 0.192007, 0, 0
170.745, 131.58, 343295, 2520.86, 0.211024, 0.004324, 0.970382, 0.393706, 1, 0
130.552, 121.599, 208316, 2105.76, 0.348889, 0.059584, 0.99982, 0.804788, 0, 0
199.105, 149.832, 308140, 2387.01, 0.755229, 0.348889, 0.999722, 0.185313, 0, 0
213.304, 168.842, 347681, 2700.86, 0.755229, 0.00145, 1, 0.137273, 0, 0
200.462, 122.724, 167734, 1917.86, 4.8736e-06, 4.8736e-06, 1, 0.254305, 0, 0
70.9124, 68.2053, 87752, 1251.37, 0.348889, 0.117275, 0.991956, 0.03501, 0, 0
29.3522, 41.177, 20630.2, 599.607, 0.00145, 0.117275, 0.996896, 0.984169, 0, 0
174.758, 110.068, 118608, 1365.48, 8.36459e-06, 0.002221, 3.01786e-07, 0.000150525, 0, 0
24.6576, 54.8966, 45747.6, 933.896, 0.532709, 0.027533, 0.924404, 0.997994, 0, 0
143.445, 105.332, 34909.8, 895.962, 0.211024, 0.027533, 1, 0.028577, 0, 0
75.3529, 39.3874, 39183.4, 759.18, 0.755229, 0.348889, 0.990035, 0.010026, 0, 0
39.6129, 96.9594, 142491, 1541.59, 1, 1.42993e-05, 0.76087, 0.999055, 0, 0
34.1508, 85.7404, 83139.7, 1320.43, 0.268187, 1.85702e-07, 0.000812468, 0.99836, 0, 0
31.3302, 78.1079, 77827, 1310.74, 0.15386, 1.9465e-08, 0.06006, 0.991942, 0, 0
37.3811, 102.446, 115443, 1557.4, 0.08069, 0.000182166, 0.892522, 0.998994, 0, 0
28.6214, 71.3217, 92388.5, 1275.2, 0.000679548, 1.49339e-09, 0.956604, 0.99623, 0, 0
31.8368, 76.4529, 90203, 1232.62, 0.15386, 1.85702e-07, 0.219936, 0.998092, 0, 0
28.6342, 70.329, 88779.7, 1251.64, 0.08069, 1.85702e-07, 0.127415, 0.997812, 0, 0
69.4528, 188.986, 300209, 2773.01, 0.49956, 0.00050826, 0.002874, 0.998436, 0, 0
52.5873, 141.078, 254763, 2318.23, 0.268187, 1.9465e-08, 0.88806, 1, 0, 0
65.4256, 173.514, 256149, 2571.81, 0.00050826, 3.46545e-06, 0.002839, 0.981013, 0, 0
64.1956, 186.545, 240919, 2560.22, 0.108129, 3.60887e-08, 5.03161e-05, 0.998052, 0, 0
55.0501, 158.289, 180864, 2515.53, 0.635828, 1.85702e-07, 1.15936e-06, 0.998644, 0, 0
61.0705, 155.19, 233907, 2558.46, 0.013853, 0.000116167, 7.66177e-05, 0.998391, 0, 0
76.4059, 206.964, 254585, 2669.56, 0.391528, 6.16489e-06, 0.000422199, 0.734125, 0, 0
65.7673, 195.972, 301495, 2773.52, 0.742829, 4.12576e-05, 0.003669, 0.998037, 0, 0
68.7978, 206.986, 213949, 2478.11, 0.009475, 1.45519e-10, 3.88158e-07, 0.958196, 0, 0
54.8729, 160.141, 286733, 2724.9, 0.000679548, 4.2277e-05, 0.006258, 0.998761, 0, 0
3.39499, 1.26472, 25.9139, 25.3334, 0.532709, 9.09495e-13, 0.999518, 0.988074, 0, 0
20.644, 13.9123, 336.545, 168.04, 1, 0.000112221, 1, 0.119206, 0, 0
7.901, 7.0987, 101.251, 65.9298, 0.532709, 0.000430857, 1, 0.967399, 0, 0
19.8177, 13.2933, 318.381, 158.224, 0.755229, 0.211024, 1, 0.039425, 0, 0
7.93852, 15.6388, 2837.17, 275.809, 0.211024, 2.53208e-05, 0.999927, 0.487509, 0, 0
22.371, 13.5641, 1099.6, 209.652, 0.211024, 4.8736e-06, 1, 0.092494, 0, 0
56.4242, 60.0348, 890.909, 365.149, 0.011508, 0.348889, 1, 0.726944, 0, 0
29.4687, 26.4939, 7492.65, 481.27, 0.755229, 0.000112221, 1, 0.031214, 0, 0
40.1267, 48.7472, 1609.6, 573.457, 0.348889, 4.8736e-06, 1, 0.23956, 0, 0
23.0289, 24.6394, 10044.7, 421.329, 0.117275, 1.04792e-08, 1, 0.004132, 0, 0
26.1415, 17.092, 3014.56, 218.838, 0.059584, 0.059584, 0.040578, 0.948351, 0, 0
19.5631, 14.7596, 3358.96, 236.257, 0.532709, 0.000112221, 1, 0.025695, 0, 0
30.4978, 25.6549, 11792.9, 490.488, 0.00145, 0.532709, 0.999419, 0.512081, 0, 0
33.2104, 82.2907, 50301.8, 1242.76, 0.755229, 0.000112221, 1, 0.99908, 0, 0
457.961, 338.457, 215334, 2897.66, 0.00145, 0.211024, 0.999915, 0.152466, 1, 0
181.677, 251.313, 331386, 2313.45, 0.00145, 1, 0.999999, 0.002833, 0, 0
33.9701, 86.876, 42980.2, 1370.95, 0.742829, 0.511376, 1, 0.00779, 0, 0
206.384, 145.407, 230426, 1979.97, 0.005988, 0.000116842, 0.99977, 0.000543841, 0, 0
442.564, 271.006, 277530, 2247.08, 0.000430857, 7.83984e-10, 5.36198e-09, 1.70439e-13, 0, 0
366.178, 218.787, 600858, 3322.17, 0.000430857, 0.000112221, 0.999999, 0.045433, 1, 0
244.956, 139.63, 129164, 1857.28, 0.052479, 0.004344, 0.999994, 0.292308, 0, 0
68.6936, 154.466, 92105.8, 1814.98, 0.002316, 0.458258, 0.999989, 0.997492, 0, 0
51.7028, 120.633, 126777, 1796.33, 0.850554, 0.000912234, 0.955373, 1, 0, 0
47.4692, 95.4404, 58492.4, 1364.42, 0.136046, 0.002316, 0.006215, 1, 0, 0
48.2928, 81.7336, 74757.9, 1180.75, 1, 1.52364e-05, 0.979335, 0.997139, 0, 0
54.6568, 103.2, 80772.8, 1457.03, 0.711071, 0.00813, 0.99732, 1, 0, 0
47.0326, 98.9488, 57986.1, 1186.49, 0.264931, 1.11759e-07, 0.004933, 0.999073, 0, 0
50.0702, 134.76, 57392.8, 1642.61, 0.264931, 0.02412, 0.990332, 0.998148, 0, 0
107.459, 112.135, 112651, 1546.51, 0.061428, 0.711071, 0.981103, 0.996411, 0, 0
50.1706, 110.92, 91062.6, 1572.21, 0.136046, 0.002316, 0.060092, 0.997412, 0, 0
56.2621, 124.984, 95736.7, 1739.06, 0.02412, 1.62423e-06, 0.000235026, 0.992803, 0, 0
42.8117, 81.0583, 43295.7, 1108.44, 0.264931, 0.000103716, 0.999927, 0.997115, 0, 0
47.9026, 86.05, 60538.7, 1205.91, 0.711071, 0.002316, 0.898139, 1, 0, 0
55.5209, 89.6583, 44954.5, 1384.72, 0.711071, 0.00813, 0.999919, 0.118724, 0, 0
47.2722, 105.442, 56117.9, 1335.19, 0.264931, 0.002316, 0.967578, 0.999065, 0, 0
54.9034, 109.965, 86747.7, 1675.71, 0.850554, 0.003719, 0.005803, 0.041657, 0, 0
50.7771, 81.66, 51538.5, 1130.23, 1, 1.52364e-05, 0.905784, 0.737046, 0, 0
55.1014, 92.1112, 90771.4, 1226.58, 1, 0.00813, 0.980702, 0.797053, 0, 0
65.2308, 108.623, 103933, 1295.85, 1, 0.000103716, 0.026816, 0.993099, 0, 0
41.2981, 128.273, 53500.9, 1628.7, 0.264931, 0.136046, 0.999997, 0.999088, 0, 0
55.4504, 136.584, 87746, 1787.12, 0.02412, 0.002316, 0.999981, 0.996686, 0, 0
48.6099, 97.1144, 58006.8, 1481.13, 0.00813, 0.711071, 1.26051e-05, 0.929224, 0, 0
77.1907, 156.647, 115819, 1730.69, 0.264931, 1.52364e-05, 0.021146, 1, 0, 0
109.668, 196.17, 230628, 2599.97, 0.264931, 0.264931, 0.014206, 0.999068, 0, 0
63.8478, 42.0846, 28319.9, 699.257, 0.211024, 0.000430857, 0.992926, 0.993154, 0, 0
37.1873, 62.7519, 23248.9, 906.35, 0.348889, 2.53208e-05, 0.992512, 0.950694, 0, 0
44.494, 50.5384, 13518.5, 498.977, 0.348889, 1, 1, 0.989845, 0, 0
49.693, 48.101, 24545.9, 758.906, 1, 0.211024, 0.999969, 0.063974, 0, 0
70.3423, 90.4765, 85965, 1577.31, 0.027533, 0.211024, 0.177966, 0.77368, 0, 0
46.1668, 76.2003, 66882.2, 1314.4, 0.268187, 0.635828, 0.899821, 0.996873, 0, 0
70.6757, 134.116, 85330.1, 1693.17, 0.211024, 0.00145, 0.00038769, 0.999053, 0, 0
81.9809, 72.6991, 80376.4, 1477.63, 0.532709, 0.059584, 0.080675, 0.000377034, 0, 0
69.3474, 86.2617, 95370.2, 1374.33, 0.059584, 0.348889, 0.991965, 0.157072, 0, 0
93.154, 104.044, 85234.3, 1543.91, 0.00145, 2.53208e-05, 0.953349, 0.921859, 0, 0
64.661, 68.5626, 79222.1, 1281.33, 0.00145, 0.027533, 0.998778, 0.116865, 0, 0
14.0509, 23.9479, 498.442, 150.935, 1, 0.000430857, 1.09179e-10, 0.906784, 0, 0
13.6872, 24.5531, 437.052, 149.158, 0.011508, 0.00145, 4.65472e-11, 0.982437, 0, 0
19.4049, 53.6209, 2042.59, 789.481, 0.059584, 0.000430857, 2.12041e-16, 0.99747, 0, 0
22.5717, 68.8579, 11959.7, 983.874, 0.532709, 4.8736e-06, 3.57857e-05, 0.983554, 0, 0
18.9732, 63.252, 13899.5, 866.221, 0.117275, 0.004324, 0.967231, 0.968161, 0, 0
23.0024, 71.8591, 7004.24, 1039.29, 0.211024, 2.53208e-05, 1.63202e-11, 0.999015, 0, 0
28.4326, 88.0842, 2746.4, 1198.58, 6.96017e-05, 0.028817, 2.8598e-14, 0.373659, 0, 0
35.9786, 90.1039, 76372.4, 1266.2, 0.15386, 0.016589, 0.992511, 0.997999, 0, 0
32.5516, 56.6393, 47972.7, 886.881, 0.187742, 7.42753e-06, 0.307688, 0.147239, 0, 0
32.2846, 82.5891, 75203.3, 1352.45, 0.117275, 0.000112221, 0.021287, 0.872981, 0, 0
37.6459, 66.2759, 62910.7, 1041.34, 0.268187, 1.49339e-09, 0.800829, 1, 0, 0
33.1251, 77.251, 78417.2, 1163.71, 0.15386, 0.000679548, 0.383877, 1, 0, 0
39.4761, 73.9686, 86851.6, 1225.62, 0.053252, 1.42993e-05, 0.02597, 0.937761, 0, 0
33.2157, 66.4852, 45336.6, 1020.7, 1, 6.67787e-08, 0.020114, 0.972201, 0, 0
42.4362, 94.3889, 72104.4, 1550.03, 0.00145, 1.04792e-08, 0.017849, 0.990095, 0, 0
35.6064, 73.9608, 74741.1, 1332.35, 0.755229, 7.84157e-07, 0.014744, 0.269177, 0, 0
51.7861, 138.086, 241197, 2152.65, 0.532709, 0.011508, 0.830133, 0.910799, 0, 0
37.983, 77.368, 113524, 1417.62, 0.004324, 4.8736e-06, 0.176606, 0.999088, 0, 0
35.1355, 120.836, 77371.1, 1813.94, 0.532709, 7.84157e-07, 0.99994, 0.963003, 0, 0
47.9569, 110.76, 151688, 1840.19, 0.532709, 0.000112221, 0.004515, 0.991481, 0, 0
109.911, 126.235, 85735.5, 1343.11, 1, 0.635828, 0.999999, 0.607508, 0, 0
49.9457, 128.54, 190592, 1962.76, 0.038477, 1.85702e-07, 0.323186, 1, 0, 0
37.0922, 81.153, 77440.3, 1402.15, 1, 4.8736e-06, 0.998504, 0.999002, 0, 0
43.6633, 112.661, 186067, 1923.13, 0.635828, 0.038477, 0.986972, 0.9327, 0, 0
32.55, 86.6705, 113965, 1472.6, 0.532709, 2.53208e-05, 0.822287, 0.996323, 0, 0
40.3318, 90.4155, 87255.2, 1450.04, 0.059584, 1.04792e-08, 0.38587, 0.425513, 0, 0
33.5447, 73.4116, 70648.8, 1323.75, 0.532709, 7.83984e-10, 0.023815, 0.997271, 0, 0
32.8428, 98.2356, 41386.9, 1495.76, 0.211024, 4.8736e-06, 0.000373472, 0.943999, 0, 0
20.4095, 36.9539, 5952.89, 325.11, 0.336784, 0.023703, 1.76648e-07, 0.996697, 0, 0
22.1612, 40.9251, 6642.46, 367.939, 0.009475, 0.000294077, 2.17378e-08, 0.137965, 0, 0
14.7152, 25.7255, 6994.17, 364.387, 0.053252, 0.001065, 0.949088, 0.998821, 0, 0
24.1872, 43.7652, 7698.7, 452.013, 0.336784, 0.003378, 1.26666e-07, 1, 0, 0
17.7902, 31.3806, 4164.4, 335.318, 1, 3.60887e-08, 0.000142305, 0.996986, 0, 0
24.7932, 49.693, 14619.9, 635.758, 0.065245, 0.011331, 0.002049, 0.995888, 0, 0
22.879, 36.4525, 12713.6, 523.915, 0.742829, 0.511376, 0.999904, 0.935868, 0, 0
27.7543, 29.1641, 10348.5, 432.607, 0.336784, 7.02548e-05, 1.55049e-05, 0.03097, 0, 0
20.0403, 35.71, 16709.9, 557.616, 0.001065, 0.023703, 0.017018, 0.998328, 0, 0
15.1334, 22.8475, 9099.53, 409.259, 0.749259, 0.053252, 0.986421, 0.95828, 0, 0
11.7334, 10.3492, 1230.65, 158.354, 0.522397, 1.42993e-05, 0.023268, 0.009587, 0, 0
10.7002, 17.0433, 2956.18, 270.433, 0.749259, 2.42991e-06, 0.328882, 0.23258, 0, 0
21.5146, 33.7474, 5651.6, 562.596, 0.749259, 7.02548e-05, 1, 0.046027, 0, 0
14.1331, 40.7303, 6816.66, 581.342, 0.108129, 3.35316e-07, 0.000828094, 0.994344, 0, 0
31.1937, 81.684, 42985.1, 1302.93, 0.053252, 0.009475, 0.001623, 0.999031, 0, 0
22.6295, 46.4894, 31217.4, 786.698, 0.053252, 0.023703, 0.85084, 0.99885, 0, 0
22.061, 51.1322, 17056.9, 686.734, 0.000294077, 0.001065, 1, 0.998445, 0, 0
20.506, 36.1893, 3440.34, 400.368, 0.000294077, 7.02548e-05, 1, 0.999018, 0, 0
8.74542, 10.9943, 1555.74, 168.645, 0.522397, 2.42991e-06, 0.518033, 1, 0, 0
17.8231, 30.6567, 5056.69, 457.459, 1, 0.108129, 1, 1, 0, 0
27.7702, 68.1191, 36834.4, 1006.72, 0.749259, 0.749259, 0.984731, 0.944283, 0, 0
21.3119, 39.0048, 11585.2, 463.725, 0.053252, 0.000294077, 0.999999, 0.994426, 0, 0
17.8494, 58.5544, 14687.1, 828.226, 0.053252, 3.60887e-08, 0.009084, 0.998899, 0, 0
21.6692, 39.0506, 7473.32, 484.359, 0.009475, 2.42991e-06, 1.10304e-11, 0.999087, 0, 0
12.587, 34.3466, 9913.93, 570.308, 0.003378, 1.42993e-05, 0.000670909, 1, 0, 0
86.3315, 198.485, 242899, 2386.55, 0.296206, 0.001319, 1.66252e-05, 0.997872, 0, 0
62.7878, 178.935, 166639, 2210.34, 0.296206, 0.000324063, 7.73528e-05, 0.99546, 0, 0
74.4325, 186.343, 101858, 1987.65, 0.728332, 0.004551, 1.0976e-07, 0.998253, 0, 0
78.0585, 211.657, 197927, 2418.77, 0.728332, 0.004551, 1.257e-06, 0.997249, 0, 0
33.7986, 94.9541, 54119.4, 1256.17, 0.48685, 0.000324063, 0.001421, 0.998513, 0, 0
33.336, 94.8958, 57022.1, 1349.05, 0.035082, 1.09286e-05, 0.002592, 1, 0, 0
59.7904, 150.405, 104806, 2002.89, 1, 1.09286e-05, 3.40724e-05, 0.999077, 0, 0
52.302, 146.035, 61344.7, 1620.02, 0.48685, 0.001319, 5.62331e-08, 1, 0, 0
74.2797, 203.551, 218118, 2449.74, 0.162756, 0.035082, 2.80683e-06, 1, 0, 0
89.5893, 222.174, 210077, 2433.61, 0.728332, 0.035082, 4.21936e-07, 0.998059, 0, 0
76.5044, 164.208, 91168.6, 1994.22, 0.7201, 0.00087791, 0.000367686, 1, 0, 0
69.2063, 193.154, 211521, 2441.53, 0.296206, 6.61877e-05, 3.62299e-06, 0.995115, 0, 0
65.3288, 169.487, 153576, 2089.17, 0.001319, 0.000324063, 6.2242e-06, 0.999017, 0, 0
66.8102, 184.255, 167852, 2221.15, 0.728332, 0.004551, 8.2743e-05, 0.997784, 0, 0
77.7907, 166.715, 178181, 2116.72, 0.200488, 0.042774, 0.000765829, 0.998032, 0, 0
60.2819, 127.645, 129873, 1615.16, 0.48685, 1.40117e-06, 0.050206, 0.998483, 0, 0
38.957, 83.5479, 73495.1, 1371.91, 1, 0.000324063, 0.012743, 1, 0, 0
8.1012, 11.722, 1203.6, 141.182, 0.002221, 4.2277e-05, 0.003436, 0.692073, 0, 0
5.33005, 7.5326, 481.927, 129.987, 0.08069, 8.36459e-06, 0.000182051, 0.653282, 0, 0
13.8837, 31.6182, 5118.08, 512.813, 0.038477, 1.9465e-08, 0.999231, 0.572385, 0, 0
4.58051, 4.85206, 481.497, 93.5768, 0.038477, 1.38261e-06, 0.999691, 0.035607, 0, 0
11.9452, 21.1199, 2330.38, 223.141, 0.006427, 4.2277e-05, 0.000214985, 0.951987, 0, 0
11.7937, 20.3517, 1254.37, 185.493, 0.016589, 4.2277e-05, 1, 1, 0, 0
7.30102, 11.6395, 506.518, 115.725, 0.08069, 4.2277e-05, 7.48638e-11, 0.906456, 0, 0
6.859, 8.40469, 1088.27, 144.218, 0.038477, 1.38261e-06, 0.015023, 0.37138, 0, 0
20.4981, 39.0486, 10249.2, 641.295, 0.038477, 1.49339e-09, 0.990893, 0.996461, 0, 0
5.56004, 7.76565, 532.419, 149.343, 0.08069, 8.36459e-06, 0.000140995, 0.000803225, 0, 0
8.3799, 9.87783, 1081.13, 147.302, 0.635828, 1.9465e-08, 0.047113, 0.923387, 0, 0
7.60761, 11.0185, 597.478, 114.62, 0.000182166, 4.2277e-05, 2.21531e-07, 0.631907, 0, 0
18.5848, 41.5163, 15575.5, 634.869, 0.635828, 0.000182166, 0.001568, 0.940866, 0, 0
26.6348, 52.6102, 18842.6, 798.832, 0.635828, 1.49339e-09, 0.99826, 0.869283, 0, 0
10.8638, 21.2221, 2342.24, 233.658, 0.429591, 4.2277e-05, 1, 0.687442, 0, 0
13.7527, 28.1097, 7342.83, 445.72, 1, 1.38261e-06, 0.999948, 0.95223, 0, 0
14.6293, 28.7055, 2074.99, 263.924, 0.038477, 0.635828, 1, 0.70538, 0, 0
13.885, 26.1899, 7518.54, 372.975, 0.522397, 0.009475, 0.979283, 0.815142, 0, 0
14.1686, 29.8039, 3347.41, 310.189, 0.15386, 8.36459e-06, 1, 0.692719, 0, 0
15.1089, 46.3286, 9499.09, 734.843, 0.268187, 1.38261e-06, 1, 0.922424, 0, 0
14.8705, 31.9593, 4137.45, 489.139, 0.429591, 7.45786e-11, 1, 0.971607, 0, 0
17.1425, 37.2947, 14117.9, 569.206, 0.336784, 3.35316e-07, 0.940176, 0.331853, 0, 0
9.354, 16.7932, 3408.11, 269.317, 0.874629, 0.15386, 1, 0.953299, 0, 0
11.4974, 20.6691, 4520.22, 294.659, 0.268187, 1.85702e-07, 0.007096, 0.892481, 0, 0
29.1912, 60.6608, 39880.5, 856.878, 0.607591, 0.002935, 0.996322, 1, 0, 0
94.4196, 45.235, 23701.6, 761.544, 0.00145, 0.000430857, 1, 0.070266, 0, 0
16.2582, 12.7514, 2934.8, 218.816, 0.268187, 0.08069, 0.985796, 0.997913, 0, 0
53.0118, 52.1625, 13435.1, 561.757, 0.755229, 0.011508, 1, 0.470264, 0, 0
69.724, 48.3092, 2846.07, 479.312, 7.84157e-07, 7.83984e-10, 1, 0.978189, 0, 0
47.2653, 45.3795, 12858.1, 689.34, 0.348889, 0.027533, 1, 0.304886, 0, 0
45.0244, 47.7644, 7479.06, 560.983, 0.117275, 0.027533, 1, 0.778737, 0, 0
68.5876, 57.7967, 20773, 763.726, 0.059584, 0.027533, 1, 0.604269, 0, 0
109.948, 56.2053, 42748.2, 900.915, 0.532709, 0.532709, 0.947862, 0.288959, 0, 0
29.8459, 33.2794, 2584.17, 348.574, 0.027533, 0.004324, 1, 0.999076, 0, 0
133.357, 125.265, 116065, 1428.16, 1, 1, 0.215201, 1.44323e-12, 0, 0
27.549, 20.5679, 2668.36, 284.086, 0.059584, 0.348889, 1, 0.125128, 0, 0
23.4282, 29.5576, 8807.8, 461.659, 0.117275, 0.755229, 0.999799, 0.870026, 0, 0
35.8176, 87.2487, 69819.5, 1296.06, 0.532709, 1.02584e-07, 0.944045, 0.998746, 0, 0
35.6394, 68.9643, 63238.2, 1058.29, 0.749259, 0.000294077, 0.048092, 0.99231, 0, 0
38.5917, 88.4777, 85301.8, 1313.14, 0.874629, 0.268187, 0.125067, 0.30379, 0, 0
48.4467, 98.7113, 120596, 1537.69, 0.211024, 1.04792e-08, 0.998958, 0.532697, 0, 0
38.5398, 73.6834, 63767.4, 1215.34, 1, 0.000182166, 0.002752, 0.998393, 0, 0
30.7026, 72.3915, 27510.4, 1016.36, 0.749259, 1, 4.71635e-10, 0.991131, 0, 0
33.9309, 68.8017, 78833.8, 1210.98, 0.268187, 8.36459e-06, 0.152286, 1, 0, 0
32.983, 76.1896, 55561.2, 1210.09, 0.874629, 0.006427, 0.97569, 0.103322, 0, 0
36.8885, 67.5066, 69454.3, 1096.04, 0.635828, 8.36459e-06, 0.189734, 0.909484, 0, 0
29.8357, 59.2071, 56970.9, 941.002, 0.532709, 0.000112221, 0.169155, 0.99842, 0, 0
32.1002, 70.5966, 67337.9, 1213.67, 0.348889, 7.84157e-07, 0.002661, 0.993656, 0, 0
39.6207, 89.1582, 94081.8, 1351.7, 0.000430857, 0.000112221, 0.010484, 0.99881, 0, 0
46.7254, 83.5836, 98512.4, 1273.58, 0.867939, 1.94158e-06, 0.002207, 0.449343, 0, 0
43.4488, 86.3128, 107570, 1335.96, 0.072951, 0.871415, 0.015806, 1, 0, 0
36.7012, 86.423, 66352, 1241.96, 0.268187, 1.81899e-12, 0.929156, 0.998985, 0, 0
33.7082, 73.4205, 61892.9, 1222.95, 0.211024, 0.117275, 0.965331, 0.842255, 0, 0
33.7272, 60.2605, 52294.6, 954.004, 0.000471987, 6.67787e-08, 0.777401, 0.980361, 0, 0
74.2694, 167.056, 96288.7, 1716.56, 0.348889, 9.09495e-13, 7.88463e-13, 0.999051, 0, 0
51.2436, 112.061, 150453, 1588.63, 2.53208e-05, 1.04792e-08, 0.001539, 0.99812, 0, 0
41.832, 80.3679, 84052.5, 1258.09, 0.004324, 1.02584e-07, 0.992974, 1, 0, 0
57.5058, 136.087, 140696, 1649.62, 0.532709, 7.83984e-10, 4.00565e-08, 0.998448, 0, 0
56.2814, 126.202, 124734, 1634.7, 0.000112221, 1.02584e-07, 5.97531e-07, 1, 0, 0
29.8351, 84.3039, 100036, 1526.41, 0.038477, 1.85702e-07, 0.962904, 0.999057, 0, 0
32.1747, 82.2763, 82215.5, 1492.15, 0.268187, 1.9465e-08, 0.99911, 0.998983, 0, 0
29.0823, 98.5721, 109820, 1577.9, 0.874629, 1.9465e-08, 0.971064, 0.998575, 0, 0
32.0598, 96.1121, 70095.2, 1467.63, 0.268187, 1.85702e-07, 1, 0.999052, 0, 0
24.2108, 77.0272, 36240, 1160.99, 0.006427, 1.38261e-06, 0.999988, 0.998974, 0, 0
17.915, 43.7424, 22025.6, 689.94, 0.038477, 1.9465e-08, 0.999837, 0.997919, 0, 0
69.0333, 125.925, 133675, 1705.57, 0.006427, 7.45786e-11, 1, 0.934815, 0, 0
32.9319, 89.7889, 43387.4, 960.039, 0.08069, 1.49339e-09, 4.63916e-09, 0.998741, 0, 0
42.2242, 106.942, 90821.1, 1189.93, 0.268187, 1.38261e-06, 5.11782e-05, 0.998097, 0, 0
20.1432, 52.3606, 40460.2, 857.385, 0.635828, 1.85702e-07, 0.962209, 1, 0, 0
17.4768, 49.439, 30175.7, 846.042, 0.15386, 1.85702e-07, 0.988183, 0.998119, 0, 0
28.4357, 72.708, 48788.8, 973.712, 1, 1.49339e-09, 4.05428e-05, 0.998645, 0, 0
58.2572, 118.017, 81111, 1406.07, 0.050102, 0.377086, 0.999935, 1, 0, 0
43.934, 78.4542, 70955.4, 1058.19, 0.007, 0.020062, 0.750871, 0.997868, 0, 0
31.1843, 55.1472, 20482.3, 664.304, 0.002102, 0.377086, 0.999259, 0.974712, 0, 0
36.2224, 65.8313, 68664.9, 1069.86, 0.377086, 0.000535053, 0.295297, 0.998929, 0, 0
46.6008, 93.44, 101152, 1317.91, 0.377086, 0.110184, 0.104292, 0.998939, 0, 0
60.6916, 106.4, 101923, 1399.09, 0.007, 0.377086, 0.996141, 0.806765, 0, 0
42.0746, 73.23, 45996.8, 925.77, 0.86005, 0.007, 0.984189, 0.998485, 0, 0
39.1734, 71.7825, 68868.6, 1059.38, 0.002102, 0.002102, 0.948733, 1, 0, 0
63.0042, 131.442, 147082, 1573.25, 0.050102, 0.000113074, 0.055957, 0.997815, 0, 0
58.9737, 136.755, 160222, 2175.8, 0.596615, 2.55601e-06, 0.979492, 0.998609, 0, 0
77.0567, 170.61, 276498, 2413.96, 0.007, 1.93012e-05, 0.355962, 0.999042, 0, 0
80.696, 182.121, 240400, 2414.16, 0.029449, 4.62867e-07, 0.017583, 0.577637, 0, 0
42.1971, 104.228, 107436, 1452.67, 0.149613, 0.003327, 0.986317, 0.998182, 0, 0
94.377, 200.395, 337774, 2574.17, 0.002102, 2.55601e-06, 0.824506, 1, 0, 0
54.7909, 105.272, 108269, 1416.91, 0.007, 2.55601e-06, 0.001469, 0.99899, 0, 0
72.7252, 159.012, 176485, 1805.64, 0.377086, 1.53668e-08, 9.32905e-05, 0.998484, 0, 0
57.3896, 124.15, 115993, 1463.55, 0.000535053, 2.55601e-06, 0.000290132, 0.848673, 0, 0
23.028, 50.3738, 12326.3, 617.193, 0.132498, 0.011331, 0.014673, 0.999068, 0, 0
20.12, 36.7416, 11120.8, 526.561, 0.028817, 1.94158e-06, 1.07684e-08, 0.998969, 0, 0
12.0805, 44.2739, 12636.2, 596.294, 0.867939, 1.29135e-05, 0.000547032, 0.984599, 0, 0
15.3654, 28.0327, 2478.85, 255.151, 0.065245, 0.132498, 1.47472e-09, 0.588953, 0, 0
18.4154, 31.1742, 3968.38, 362.119, 0.617719, 0.001193, 1.00518e-10, 1, 0, 0
9.86707, 26.9954, 4099.76, 466.135, 0.132498, 0.000312551, 1.20162e-06, 1, 0, 0
26.3133, 71.8528, 22606.8, 1060.75, 0.617719, 0.065245, 0.999942, 0.999065, 0, 0
19.7458, 35.0558, 7872.35, 424.302, 0.617719, 0.001193, 0.002655, 1, 0, 0
11.4545, 36.1271, 2462.59, 476.629, 0.242985, 1.94158e-06, 0.000132581, 0.058504, 0, 0
26.6952, 71.6141, 21144.8, 1028.26, 0.028817, 0.000312551, 0.978585, 0.998233, 0, 0
17.7717, 29.3794, 3804.76, 276.311, 0.001193, 0.003933, 0.000152404, 1, 0, 0
16.6489, 48.5276, 11945.5, 727.533, 0.003933, 6.96017e-05, 0.87801, 0.838469, 0, 0
15.5904, 37.7689, 8135, 521.687, 0.617719, 0.000312551, 0.999993, 0.996552, 0, 0
20.3604, 38.245, 10130.2, 552.885, 0.867939, 1.07684e-09, 0.001131, 0.849369, 0, 0
24.8621, 55.556, 18698.4, 793.627, 0.028817, 0.001193, 4.4615e-09, 1, 0, 0
37.1512, 104.012, 38376.9, 1306.56, 0.867939, 2.91038e-11, 1.29332e-05, 0.998063, 0, 0
28.8753, 79.3785, 16584.8, 1097.73, 0.028817, 6.96017e-05, 8.93521e-06, 1, 0, 0
33.1385, 108.933, 21523.1, 1384.76, 0.003933, 6.96017e-05, 0.000145994, 0.148759, 0, 0
24.2075, 54.5493, 22813.8, 817.497, 0.867939, 1.29135e-05, 2.46019e-05, 0.998818, 0, 0
25.1961, 73.6853, 19525.9, 940.849, 0.242985, 0.001193, 0.005246, 1, 0, 0
19.2748, 33.2338, 6310, 387.544, 0.867939, 0.000312551, 0.000619681, 1, 0, 0
29.7573, 75.1375, 14965.3, 1063.24, 0.065245, 6.96017e-05, 9.27288e-12, 0.998555, 0, 0
25.4808, 59.0465, 20872.6, 862.893, 0.028817, 1, 2.08778e-07, 0.954281, 0, 0
32.7981, 97.5235, 19939.9, 1312.83, 0.132498, 1.29135e-05, 9.18085e-05, 0.999082, 0, 0
25.3789, 37.7507, 5712.75, 408.074, 0.028959, 0.845019, 0.004736, 0.998885, 0, 0
52.3053, 85.9297, 67607.5, 1053.16, 0.117275, 0.011508, 0.000866811, 0.997603, 0, 0
54.4129, 88.224, 64717, 1302.02, 1, 2.53208e-05, 0.995551, 0.998807, 0, 0
28.7606, 46.5598, 31408.9, 753.98, 0.532709, 2.53208e-05, 0.768053, 0.997821, 0, 0
50.7572, 76.7163, 47347.3, 988.663, 0.348889, 4.8736e-06, 1.84283e-05, 1, 0, 0
76.2791, 110.874, 66038.1, 1135.21, 0.755229, 1.04792e-08, 0.99991, 0.973567, 0, 0
55.4483, 117.828, 73421.1, 1368.06, 1.04792e-08, 0.004324, 3.22439e-06, 0.90775, 0, 0
52.5667, 111.646, 75668.2, 1386.69, 0.15386, 0.006427, 0.000293565, 0.998743, 0, 0
77.8651, 124.599, 149072, 1705.19, 0.532709, 1.02584e-07, 1, 0.895304, 0, 0
72.9271, 126.292, 121076, 1538.32, 0.023703, 0.000294077, 1.52574e-05, 1, 0, 0
61.8577, 99.1751, 67643.7, 1343.38, 0.000112221, 1.02584e-07, 2.65806e-08, 0.996863, 0, 0
37.1679, 103.902, 74753.9, 1528.97, 0.532709, 7.84157e-07, 0.997272, 0.00329, 0, 0
49.5444, 75.5776, 45363.7, 875.876, 0.117275, 0.011508, 0.997472, 0.000532598, 0, 0
65.7956, 119.887, 148207, 1613.07, 4.8736e-06, 0.00145, 0.997392, 0.997165, 0, 0
73.2649, 114.733, 90082.2, 1219.76, 0.00145, 2.53208e-05, 0.004487, 0.982061, 0, 0
75.6082, 142.2, 151494, 1621.68, 0.04096, 0.016674, 0.998333, 0.998911, 0, 0
67.4122, 92.94, 91959.8, 1232.38, 0.132498, 0.242985, 0.996321, 1, 0, 0
62.6197, 105.807, 94124.1, 1248.15, 0.059584, 2.53208e-05, 0.999516, 1, 0, 0
78.9888, 120.265, 123098, 1520.76, 0.001065, 0.001065, 4.51823e-08, 0.979866, 0, 0
65.3685, 105.692, 72079.7, 1181.96, 0.006427, 1.38261e-06, 1, 0.998408, 0, 0
79.5475, 121.826, 119689, 1541.55, 0.04096, 0.001878, 0.999016, 1, 0, 0
33.6038, 26.5642, 6073.73, 413.489, 1, 0.532709, 1, 0.000989447, 0, 0
70.7106, 48.6246, 28779, 726.329, 1, 0.011508, 1, 0.001979, 0, 0
42.3314, 48.3484, 38252.1, 825.569, 0.755229, 1, 0.997828, 0.229209, 0, 0
86.0391, 51.0791, 54959.2, 1041.92, 0.117275, 2.53208e-05, 0.031325, 0.474655, 0, 0
59.0987, 48.9757, 40378.1, 904.744, 0.211024, 0.348889, 0.999999, 0.585942, 0, 0
45.2923, 47.4873, 23769.5, 733.73, 0.532709, 0.027533, 0.999939, 0.905216, 0, 0
64.4239, 60.8582, 65765.1, 1115.55, 0.532709, 0.000430857, 0.175169, 0.259437, 0, 0
55.963, 36.8745, 20990, 672.837, 0.755229, 1.02584e-07, 1, 0.144025, 0, 0
43.5359, 67.5387, 25257.7, 676.893, 0.059584, 0.348889, 1, 0.690476, 0, 0
36.3805, 30.7057, 10524.1, 474.28, 0.755229, 0.00145, 1, 0.891342, 0, 0
40.5807, 47.4511, 26569.9, 708.367, 0.348889, 0.000112221, 0.019881, 1, 0, 0
58.2712, 68.3983, 60133.5, 1201.38, 0.532709, 0.211024, 0.999937, 0.96285, 0, 0
37.3901, 35.8912, 10286.4, 514.723, 0.755229, 0.027533, 1, 0.630879, 0, 0
39.4408, 34.5953, 11447.1, 477.866, 0.211024, 0.348889, 1, 0.712418, 0, 0
73.0008, 94.1328, 45759, 1253.21, 0.211024, 0.532709, 1, 0.456518, 0, 0
45.1725, 35.4324, 19968.4, 564.072, 0.755229, 0.00145, 0.997694, 0.695338, 0, 0
30.8458, 33.2846, 18334.5, 564.059, 0.348889, 0.348889, 0.915447, 0.163635, 0, 0
49.5528, 39.3362, 18452.5, 565.959, 0.532709, 0.000430857, 0.997235, 1, 0, 0
42.3565, 37.7893, 24377.2, 634.921, 0.532709, 0.000430857, 0.999882, 0.124205, 0, 0
44.2449, 32.9378, 19020.8, 530.69, 0.117275, 1, 0.010616, 0.015687, 0, 0
43.8504, 45.6004, 38735.3, 791.602, 0.027533, 0.755229, 0.996919, 1, 0, 0
72.2789, 91.0428, 93738.8, 1472.63, 0.00145, 0.00145, 0.99968, 0.996012, 0, 0
42.7493, 60.4522, 41970.3, 1091.64, 0.755229, 0.755229, 0.048865, 1, 0, 0
150.87, 156.524, 143011, 1508.52, 0.532709, 1, 9.84667e-05, 6.26355e-11, 0, 0
76.1756, 103.4, 102894, 1614.75, 0.059584, 7.84157e-07, 0.008305, 0.998566, 0, 0
43.0419, 58.9649, 55602.5, 1043.1, 0.755229, 0.000430857, 0.87148, 1, 0, 0
51.8559, 65.4707, 64191.9, 1253.35, 0.532709, 0.211024, 0.914971, 0.342818, 0, 0
39.7693, 61.0996, 39359.3, 1060.75, 0.348889, 0.004324, 0.016875, 1, 0, 0
60.4148, 65.8568, 70938, 1108.14, 0.532709, 0.027533, 0.843461, 0.969516, 0, 0
59.7081, 83.1458, 67050.2, 1333.61, 0.348889, 1.02584e-07, 0.093666, 0.664316, 0, 0
7.3189, 14.1931, 1572.09, 202.638, 0.059584, 1.04792e-08, 0.999977, 0.998164, 0, 0
8.95223, 19.0757, 1830.12, 264.66, 0.117275, 1.04792e-08, 0.999998, 0.982454, 0, 0
9.22541, 14.4497, 1129.8, 213.006, 1, 7.84157e-07, 0.999986, 0.888809, 0, 0
9.88042, 20.4757, 2360.98, 287.218, 0.006427, 1.49339e-09, 0.999974, 0.832808, 0, 0
15.178, 50.8486, 4943.94, 744.723, 7.02548e-05, 3.35316e-07, 1, 0.997204, 0, 0
16.5552, 44.5834, 4484.85, 679.948, 5.39876e-09, 6.03854e-07, 1, 0.047716, 0, 0
14.2257, 56.8116, 8319.12, 837.656, 0.117275, 1.02584e-07, 3.75084e-08, 0.965841, 0, 0
7.07538, 12.2251, 1236.98, 175.965, 0.059584, 7.83984e-10, 0.99223, 0.945853, 0, 0
10.8809, 23.0519, 1541.05, 371.94, 4.8736e-06, 1.02584e-07, 0.999996, 0.636803, 0, 0
17.9812, 54.7378, 15191.2, 784.498, 4.25596e-06, 6.03854e-07, 0.00021011, 0.979838, 0, 0
16.9076, 48.0146, 7749.77, 724.946, 6.67787e-08, 0.001658, 1, 0.65121, 0, 0
8.0437, 25.9327, 2275.74, 433.037, 0.000182166, 1.85702e-07, 0.999935, 0.986629, 0, 0
10.0204, 28.0362, 5527.85, 422.754, 0.000191076, 7.42753e-06, 0.975981, 0.89273, 0, 0
9.46756, 38.1772, 2242.31, 508.965, 0.532709, 1.04792e-08, 1, 0.963585, 0, 0
5.70937, 9.13013, 1062.84, 148.735, 1, 7.84157e-07, 0.211712, 0.968026, 0, 0
10.1198, 17.6852, 1854.56, 186.585, 0.011331, 0.011331, 0.999763, 0.998165, 0, 0
10.1183, 31.1317, 13641.1, 578.05, 7.84157e-07, 7.84157e-07, 0.003888, 0.269687, 0, 0
17.2119, 69.2352, 16005.6, 979.993, 0.199591, 0.009475, 0.998703, 0.956515, 0, 0
21.7751, 68.7667, 9791.88, 764.833, 0.617719, 2.27214e-07, 1, 0.985967, 0, 0
4.94917, 8.87923, 451.884, 121.34, 0.009475, 3.35316e-07, 0.848062, 0.964756, 0, 0
9.60658, 21.5354, 6800.09, 412.067, 0.001065, 3.35316e-07, 0.006487, 0.112235, 0, 0
11.1949, 38.7221, 7783.29, 543.673, 0.038477, 0.000182166, 0.999816, 0.952752, 0, 0
4.45531, 5.39363, 336.301, 84.7724, 2.43426e-05, 6.03854e-07, 0.33964, 0.978486, 0, 0
8.59801, 24.0202, 4257.1, 357.224, 0.011508, 7.83984e-10, 0.000225618, 0.96044, 0, 0
49.6872, 75.343, 6861.2, 552.928, 0.028817, 0.000312551, 1, 0.008467, 0, 0
182.41, 129.26, 112637, 1475.95, 0.028817, 0.028817, 1, 0.35633, 0, 0
34.1314, 35.6242, 9954.09, 475.132, 0.405032, 0.617719, 0.999992, 0.650388, 0, 0
40.8745, 43.0132, 17248.3, 550.852, 0.867939, 0.617719, 0.991718, 0.812067, 0, 0
10.8866, 6.45254, 805.902, 111.773, 0.867939, 0.132498, 0.999842, 0.527738, 0, 0
131.582, 91.1718, 114219, 1304.9, 0.028817, 0.028817, 0.017693, 0.653904, 0, 0
109.373, 24.7417, 2525.34, 445.778, 0.065245, 2.91038e-11, 0.000675021, 1, 1, 0
244.071, 103.326, 14375, 970.354, 0.000312551, 2.91038e-11, 0.999999, 0.062004, 1, 0
62.79, 33.3499, 17151.7, 543.789, 0.132498, 0.405032, 0.994086, 0.08469, 0, 0
112.398, 42.4093, 4863.45, 522.55, 0.242985, 2.91038e-11, 0.000100387, 1, 1, 0
16.8782, 10.8211, 1510.83, 166.9, 0.175465, 2.23615e-05, 0.999993, 0.010721, 0, 0
31.3513, 29.8948, 6687.3, 353.931, 0.004551, 6.61877e-05, 0.999004, 1, 0, 0
216.946, 17.223, 5758.98, 381.832, 1.07684e-09, 2.91038e-11, 1.24016e-19, 0.016966, 1, 0
106.763, 57.7014, 33316.1, 780.286, 0.310505, 0.001878, 0.996603, 0.980691, 0, 0
159.627, 69.4123, 40264.4, 851.193, 0.000821395, 4.07454e-09, 0.999926, 1.79856e-05, 0, 0
105.277, 90.019, 41752.1, 850.975, 0.001193, 0.065245, 0.996011, 0.897459, 0, 0
11.0075, 11.974, 220.976, 100.941, 1, 1.94122e-08, 1, 1, 0, 0
13.1225, 7.79115, 218.327, 107.755, 0.728332, 0.080143, 1, 0.004568, 0, 0
49.6179, 37.571, 797.136, 337.76, 0.035082, 0.080143, 1, 0.777216, 0, 0
18.0071, 12.4199, 1366.11, 172.157, 1, 0.728332, 1, 2.78259e-07, 0, 0
30.3216, 30.5813, 6031.63, 351.664, 1, 0.162756, 0.963286, 0.877983, 0, 0
34.2355, 20.9948, 1207.24, 262.812, 0.728332, 0.162756, 1, 0.002775, 0, 0
18.4098, 10.1375, 911.27, 174.183, 0.035082, 0.728332, 1, 0.635583, 0, 0
7.02712, 4.87345, 107.051, 63.9797, 0.728332, 7.91624e-09, 1, 0.967762, 0, 0
6.53936, 4.5885, 77.4107, 58.7378, 0.200488, 0.001431, 1, 0.011566, 0, 0
43.9952, 80.6721, 4590.29, 1164.15, 1, 0.296206, 1, 0.576164, 0, 0
5.54209, 3.49529, 112.119, 54.5131, 0.48685, 7.91624e-09, 0.999957, 0.997993, 0, 0
32.4197, 84.878, 36149.7, 1053.24, 0.442068, 0.122078, 0.069955, 0.093004, 0, 0
36.6066, 85.3491, 41624, 1035.85, 0.701108, 0.001514, 0.851066, 0.360879, 0, 0
28.6914, 68.9253, 19802, 890.599, 0.247789, 5.64754e-06, 0.999955, 0.997395, 0, 0
40.4166, 91.8556, 43643.8, 940.198, 0.052239, 0.442068, 0.999452, 1, 0, 0
25.4392, 51.9518, 29678.5, 762.029, 0.052239, 4.92334e-05, 0.138974, 1, 0, 0
35.535, 83.0055, 35008.2, 1086.92, 1, 4.17233e-07, 0.000696749, 1, 0, 0
38.2375, 96.6693, 59920, 1120.89, 0.701108, 0.000310749, 0.093671, 0.998931, 0, 0
34.128, 85.5525, 38842.5, 957.52, 0.701108, 0.052239, 0.005371, 0.083443, 0, 0
27.1953, 75.2641, 40114.7, 1006.03, 1, 5.64754e-06, 0.882468, 0.999083, 0, 0
27.6011, 65.0674, 24321.3, 947.767, 0.690038, 0.690038, 0.999986, 0.671731, 0, 0
28.5782, 58.5337, 32989.8, 822.621, 0.075519, 0.000533521, 0.92177, 0.999028, 0, 0
22.9723, 60.9618, 36599.3, 855.365, 0.247789, 0.052239, 0.211342, 1, 0, 0
22.5387, 52.3349, 18817.5, 803.012, 0.247789, 0.000310749, 0.999164, 0.653313, 0, 0
38.2265, 75.3517, 18464.1, 804.681, 0.424356, 1.54972e-06, 0.999999, 0.793555, 0, 0
37.5564, 86.2066, 58457.3, 1108.5, 4.17233e-07, 0.019157, 0.643479, 0.995364, 0, 0
47.5649, 105.538, 76883.6, 1467.59, 0.442068, 4.92334e-05, 0.997448, 0.674903, 0, 0
96.9259, 145.026, 92733.5, 1862.1, 0.122078, 0.052239, 0.952215, 0.838043, 0, 0
36.6935, 89.3007, 45507.6, 1285.14, 1, 0.000310749, 0.00022536, 0.998836, 0, 0
31.5006, 101.579, 28755.6, 1275.28, 1, 0.122078, 0.999977, 0.968341, 0, 0
36.6854, 81.4738, 76769.3, 1257.12, 0.442068, 4.92334e-05, 0.908259, 0.95917, 0, 0
38.6873, 122.355, 62317.3, 1573.74, 0.701108, 0.052239, 3.39239e-06, 9.78045e-06, 0, 0
32.645, 94.8635, 35794.9, 1286.2, 0.701108, 4.17233e-07, 2.95982e-05, 0.997595, 0, 0
46.8907, 113.11, 93266.7, 1572.74, 0.168638, 8.79765e-05, 0.109568, 0.998848, 0, 0
49.3539, 80.9387, 66507.4, 1072.96, 1, 0.001514, 0.123026, 0.00062751, 0, 0
49.8419, 112.324, 103394, 1537.24, 0.168638, 1.04904e-05, 0.002244, 0.979352, 0, 0
28.0647, 82.9949, 64027.7, 1354.02, 0.011508, 1.04792e-08, 0.000615594, 0.991278, 0, 0
36.2775, 99.4056, 92940.4, 1537.63, 0.059584, 4.8736e-06, 0.303351, 0.998104, 0, 0
16.9571, 46.5407, 29111.5, 835.121, 0.027533, 1.04792e-08, 0.991506, 0.998089, 0, 0
55.1958, 158.776, 207558, 2070.47, 0.532709, 7.84157e-07, 0.000208839, 0.969207, 0, 0
288.698, 226.202, 88777.4, 1595.28, 0.006611, 1.19209e-07, 7.367e-11, 0.99753, 0, 0
24.704, 73.2262, 29065.3, 1188.12, 0.027533, 1.04792e-08, 0.012975, 0.998112, 0, 0
26.9156, 78.4435, 36586.9, 1225.11, 0.059584, 1.02584e-07, 6.52164e-09, 1, 0, 0
26.5919, 81.4383, 21251, 1174.34, 0.027533, 4.8736e-06, 3.86794e-10, 0.99724, 0, 0
28.0696, 78.459, 55609.2, 1277.36, 0.15386, 1.38261e-06, 0.009056, 1, 0, 0
29.7657, 70.2253, 46497.5, 885.055, 0.348889, 3.81988e-11, 0.000520343, 0.998928, 0, 0
28.0442, 63.4933, 13913.2, 597.835, 0.117275, 9.09495e-13, 6.21709e-17, 0.997552, 0, 0
21.1255, 48.321, 23701.2, 675.087, 1, 3.60887e-08, 0.930533, 0.972291, 0, 0
12.6515, 26.1994, 4337.14, 381.385, 0.053252, 3.35316e-07, 1, 0.990415, 0, 0
21.6679, 37.5897, 17822.3, 596.432, 0.361595, 8.43033e-06, 0.333451, 0.99688, 0, 0
14.4353, 28.24, 10564.4, 482.913, 0.755229, 1.02584e-07, 3.80363e-05, 0.487515, 0, 0
17.9065, 40.5353, 30526.1, 729.594, 0.755229, 7.84157e-07, 0.968734, 0.998912, 0, 0
33.2361, 77.0366, 45184, 923.172, 1, 3.81988e-11, 8.92063e-07, 0.99819, 0, 0
15.8787, 31.0288, 11417.8, 466.023, 0.15386, 0.038477, 0.999833, 0.997898, 0, 0
16.1891, 36.5234, 8810.36, 436.726, 0.016589, 1.81899e-12, 0.00032857, 1, 0, 0
18.0788, 36.9505, 23708.7, 601.928, 0.072951, 6.03854e-07, 0.034458, 0.984425, 0, 0
15.7774, 31.326, 16772.4, 519.543, 0.004324, 1.02584e-07, 0.747422, 0.99101, 0, 0
18.0609, 44.2007, 22156.3, 607.262, 0.023703, 0.000294077, 0.984912, 0.951302, 0, 0
15.5491, 36.581, 14802.4, 575.472, 0.348889, 0.00145, 0.712662, 0.902164, 0, 0
18.349, 42.3076, 22658.5, 655.47, 0.532709, 7.83984e-10, 0.005853, 0.99767, 0, 0
12.1317, 8.33459, 527.124, 116.472, 0.755229, 7.84157e-07, 1, 0.284771, 0, 0
58.2175, 46.7139, 8699.8, 644.918, 0.211024, 0.00145, 1, 0.982628, 0, 0
19.9657, 13.0884, 846.629, 174.031, 0.755229, 2.53208e-05, 1, 0.083365, 0, 0
46.1339, 39.6298, 2206.19, 551.554, 0.211024, 1, 1, 0.149436, 0, 0
28.6331, 17.5281, 4321.36, 283.149, 0.532709, 0.00145, 0.999882, 0.877102, 0, 0
96.9415, 57.7688, 9914.15, 590.632, 0.006427, 1.49339e-09, 1, 0.840002, 0, 0
19.1729, 12.9297, 1023.84, 180.218, 1, 1.02584e-07, 1, 0.098559, 0, 0
105.025, 111.645, 155407, 1694.68, 0.00145, 1, 0.789922, 0.998285, 0, 0
47.7912, 59.3609, 8588.31, 682.46, 0.348889, 0.000112221, 1, 1, 0, 0
48.2188, 101.293, 19774.8, 994.283, 0.08069, 4.2277e-05, 1, 0.996232, 0, 0
48.9813, 49.2466, 24813.3, 685.427, 0.755229, 2.53208e-05, 0.999865, 0.002605, 0, 0
63.2662, 43.8077, 6575.03, 683.876, 0.532709, 0.755229, 1, 0.004583, 0, 0
100.085, 88.435, 134930, 1452, 1, 0.348889, 0.739154, 1, 0, 0
77.9222, 94.8102, 112991, 1443.71, 1, 0.532709, 0.990607, 0.919731, 0, 0
48.5255, 65.1158, 15005.2, 755.551, 1, 0.348889, 0.999655, 0.998878, 0, 0
104.811, 98.2096, 135414, 1379.3, 0.871415, 0.143307, 0.273026, 0.95791, 0, 0
58.1059, 81.7505, 29269.9, 999.711, 0.117275, 0.532709, 0.994207, 0.90427, 0, 0
53.9809, 93.574, 35195.7, 1007.06, 0.117275, 0.755229, 0.999988, 1, 0, 0
87.3926, 112.682, 137331, 1504.5, 0.211024, 0.117275, 0.900698, 0.999079, 0, 0
113.055, 108.615, 174854, 1588.35, 0.059584, 0.027533, 0.681569, 1, 0, 0
22.9668, 48.9384, 13987.6, 660.509, 0.242985, 6.96017e-05, 0.999983, 0.810716, 0, 0
42.6704, 68.5877, 57952.6, 1068.62, 0.023703, 0.009475, 0.003784, 0.99738, 0, 0
20.4946, 43.919, 31010.4, 715.054, 0.511376, 0.000752897, 0.189804, 0.980634, 0, 0
46.9932, 93.5763, 45935.8, 916.917, 0.020062, 0.86005, 0.999997, 1, 0, 0
13.7878, 26.2848, 8077.1, 365.763, 0.020074, 7.42753e-06, 0.686964, 0.997419, 0, 0
36.3719, 51.5093, 29331.8, 688.668, 0.15386, 0.006427, 0.00269, 0.463156, 0, 0
23.3155, 43.5754, 22583.5, 622.419, 0.042774, 0.001431, 0.978282, 0.998429, 0, 0
19.2516, 28.4246, 9484.16, 444.091, 0.627103, 6.03854e-07, 6.63339e-07, 0.625233, 0, 0
13.8275, 28.4308, 7987.21, 431.964, 0.001065, 2.84126e-09, 0.988273, 0.998974, 0, 0
21.3139, 46.5979, 29428, 800.41, 0.874629, 1.85702e-07, 0.000188129, 1, 0, 0
57.9572, 100.806, 82195.2, 1173.29, 1, 0.000195126, 0.990696, 0.98202, 0, 0
27.2632, 46.741, 24187.2, 651.578, 0.007632, 0.000752897, 0.746169, 0.067062, 0, 0
20.2447, 39.1052, 10784.7, 451.101, 0.020074, 4.12576e-05, 6.32453e-05, 0.999086, 0, 0
34.5503, 57.3361, 34812.4, 791.199, 2.23615e-05, 0.00050826, 0.027109, 0.49911, 0, 0
19.5702, 34.0907, 15003.5, 506.871, 0.065245, 6.96017e-05, 0.031568, 0.998926, 0, 0
32.2588, 58.5661, 34627.3, 775.181, 1, 0.098872, 0.997393, 0.246318, 0, 0
9.18549, 17.9747, 5091.18, 284.178, 0.001878, 0.001878, 0.830533, 0.998174, 0, 0
14.0737, 27.7845, 10640.4, 446.744, 0.143307, 0.013853, 0.001297, 0.858042, 0, 0
22.2717, 63.9385, 55292.9, 1074.04, 0.429591, 1.9465e-08, 0.161095, 1, 0, 0
31.3773, 74.7518, 42013.9, 908.737, 0.013853, 2.83762e-10, 2.42388e-06, 1, 0, 0
14.6274, 32.8022, 10116, 481.816, 0.002221, 1.81899e-12, 0.999126, 0.999045, 0, 0
25.6844, 59.7343, 34685.4, 793.81, 0.15386, 7.45786e-11, 0.579749, 0.998221, 0, 0
14.1385, 28.1603, 13006.4, 464.975, 0.000679548, 0.635828, 0.92629, 1, 0, 0
32.7258, 84.9543, 67558.3, 1101.67, 0.016589, 1.9465e-08, 0.998774, 0.971041, 0, 0
14.6016, 32.2872, 10698.6, 437.29, 0.013853, 4.25596e-06, 0.172262, 1, 0, 0
94.9035, 70.1352, 51274.5, 903.731, 0.00145, 0.532709, 0.042006, 0.625504, 0, 0
11.627, 9.79305, 1830.94, 175.825, 0.755229, 0.117275, 0.971811, 0.429131, 0, 0
74.3579, 47.2074, 22811, 659.538, 0.004324, 0.211024, 1, 0.665751, 0, 0
111.912, 47.1082, 43939.6, 837.458, 0.211024, 0.755229, 0.005343, 0.003553, 0, 0
23.3566, 27.0384, 6055.3, 403.569, 1, 0.348889, 1, 0.995329, 0, 0
88.209, 65.6411, 79714, 1085.11, 0.211024, 0.532709, 0.994086, 0.423226, 0, 0
125.266, 89.9078, 81636.3, 1152, 1, 0.004324, 0.985866, 0.393116, 0, 0
53.0985, 32.2869, 17445.7, 595.006, 0.348889, 0.211024, 0.999999, 0.276578, 0, 0
40.8987, 34.4703, 19878.5, 611.03, 1, 0.532709, 0.996305, 0.027138, 0, 0
28.8902, 33.1895, 11014.3, 440.439, 0.348889, 0.755229, 0.999481, 0.948376, 0, 0
66.602, 59.2268, 14923.6, 652.584, 0.027533, 1, 1, 0.117831, 0, 0
13.3199, 8.35203, 1819.53, 174.973, 0.532709, 0.000430857, 0.420443, 0.029611, 0, 0
83.5888, 68.4786, 45517.3, 896.55, 0.011508, 0.059584, 0.999347, 1, 0, 0
59.3152, 24.3074, 18452.6, 585.355, 0.027533, 0.011508, 0.736738, 0.040846, 0, 0
165.248, 133.602, 147802, 1609.86, 0.117275, 0.027533, 0.999538, 0.936627, 1, 0
30.2424, 25.825, 12702.5, 512.275, 0.532709, 0.027533, 0.851147, 0.76681, 0, 0
43.2155, 36.6974, 14899.6, 585.928, 0.004324, 0.117275, 0.999615, 0.017301, 0, 0
29.4389, 37.0696, 21978.6, 610.374, 0.755229, 0.004324, 0.94064, 0.639295, 0, 0
38.4791, 40.284, 20062.9, 624.584, 0.027533, 0.011508, 0.984599, 0.993448, 0, 0
43.2701, 44.6896, 31922.8, 731.924, 0.348889, 0.000430857, 0.999988, 0.740462, 0, 0
57.2794, 56.1764, 39992.3, 851.044, 0.532709, 0.117275, 0.999984, 0.631559, 0, 0
91.1558, 55.9343, 43544.7, 922.823, 0.117275, 0.755229, 0.999898, 0.854238, 0, 0
150.044, 105.257, 190503, 1895.54, 0.117275, 0.117275, 0.984438, 0.99461, 0, 0
97.4786, 55.5429, 60709.8, 997.224, 1, 0.755229, 0.019627, 0.677803, 0, 0
296.131, 205.064, 466418, 2617.06, 0.004324, 0.755229, 0.99023, 1, 0, 0
240.659, 159.273, 267318, 2432.4, 0.059584, 0.00145, 0.99979, 0.998928, 0, 0
42.4291, 33.3704, 18675.3, 552.849, 0.117275, 1, 0.000101949, 0.999058, 0, 0
90.5269, 80.1219, 101614, 1292.81, 0.027533, 1, 0.146067, 0.977672, 0, 0
111.817, 66.5173, 61088.9, 1021.72, 0.059584, 1, 1, 0.976398, 0, 0
210.482, 112.575, 170699, 1835.88, 0.532709, 7.83984e-10, 0.0014, 0.291422, 0, 0
130.983, 92.8941, 131503, 1469.02, 1, 0.004324, 0.003849, 0.859081, 0, 0
159.425, 122.07, 134968, 1456.72, 0.755229, 0.004324, 0.001073, 0.996587, 0, 0
62.4569, 53.5118, 57579.6, 938.47, 0.348889, 0.348889, 0.210143, 0.096337, 0, 0
120.237, 128.039, 152512, 1603.82, 0.004324, 0.027533, 0.999944, 0.603238, 0, 0
50.7232, 73.3694, 57425.6, 1211.79, 0.011508, 0.000430857, 0.982524, 0.778483, 0, 0
194.595, 150.027, 350083, 2467.11, 1, 0.184933, 0.92183, 0.374365, 0, 0
19.3217, 35.4327, 9685.93, 430.676, 0.229523, 0.690038, 0.918136, 0.03776, 0, 0
135.772, 113.507, 194630, 1696.25, 0.348889, 0.117275, 0.001593, 0.785608, 1, 0
85.8965, 51.7169, 29989.2, 702.056, 0.348889, 9.09495e-13, 0.003055, 1, 0, 0
114.813, 66.8806, 44473.5, 877.493, 0.006427, 1.85702e-07, 0.998748, 0.934922, 0, 0
337.854, 68.7207, 62846.2, 1196.64, 4.8736e-06, 9.09495e-13, 1.76157e-08, 0.193218, 1, 0
121.403, 101.436, 107356, 1541.79, 0.004324, 0.011508, 1, 0.069093, 1, 0
187.248, 106.288, 187897, 1749.43, 0.059584, 0.027533, 0.009329, 0.998951, 1, 0
144.712, 78.0717, 110668, 1310.32, 0.532709, 1, 0.999996, 0.722552, 0, 0
76.2038, 39.0794, 28471.7, 738.447, 0.755229, 4.8736e-06, 0.036854, 0.995441, 0, 0
140.794, 58.6691, 78173.5, 1088.84, 2.53208e-05, 0.000112221, 0.000647012, 0.92654, 0, 0
133.211, 103.741, 79658.1, 1523.53, 2.53208e-05, 0.027533, 0.999906, 0.002749, 0, 0
281.376, 47.9594, 47759, 950.357, 0.027533, 9.09495e-13, 4.9057e-13, 0.998949, 1, 0
100.46, 86.5019, 79835.7, 1181.77, 0.532709, 2.53208e-05, 0.361552, 1.40956e-10, 0, 0
153.809, 96.1905, 58351.9, 1117.42, 0.059584, 9.09495e-13, 0.994828, 1, 1, 0
118.814, 90.4309, 76535.1, 1102.84, 0.00145, 0.000430857, 0.999958, 0.998883, 0, 0
96.6448, 67.1832, 99593.7, 1337.23, 0.755229, 0.117275, 0.270881, 0.074952, 0, 0
235.172, 125.759, 172696, 1926.49, 0.117275, 9.09495e-13, 0.001159, 1, 1, 0
507.618, 370.302, 712750, 3852.52, 0.00145, 0.027533, 1, 0.970226, 1, 0
275.609, 197.787, 335346, 2745.76, 0.211024, 0.211024, 1, 0.186115, 1, 0
277.18, 201.565, 261927, 2181.89, 0.011508, 0.348889, 1, 0.971206, 0, 0
172.219, 100.648, 150842, 1577.87, 0.117275, 2.53208e-05, 0.999218, 1, 1, 0
184.001, 67.162, 162862, 1656.83, 0.011508, 1.04792e-08, 0.999155, 0.998625, 1, 0
72.7968, 67.8015, 65230.5, 1240.48, 0.117275, 0.532709, 0.009134, 0.339588, 0, 0
5.35921, 4.82436, 549.229, 100.106, 1, 0.000112221, 0.002186, 0.953646, 0, 0
7.13696, 4.37392, 456.799, 97.8421, 0.000430857, 0.000112221, 8.363e-06, 0.002086, 0, 0
9.77777, 10.3965, 1236.11, 150.657, 0.348889, 0.059584, 0.008836, 0.422016, 0, 0
76.4723, 67.1703, 3570.01, 360.956, 0.117275, 0.532709, 1, 0.364799, 0, 0
30.7179, 17.5126, 3781.61, 250.333, 0.211024, 9.09495e-13, 0.012954, 0.654551, 0, 0
6.92127, 7.12589, 882.728, 121.918, 0.059584, 0.004324, 0.995329, 0.333885, 0, 0
6.30702, 5.14786, 519.311, 104.412, 0.004324, 7.84157e-07, 0.000127155, 0.802946, 0, 0
8.71079, 6.57608, 951.768, 125.33, 0.027533, 2.53208e-05, 0.031914, 0.358367, 0, 0
15.1851, 8.03029, 1077.96, 133.259, 0.117275, 0.211024, 1, 0.445609, 0, 0
15.433, 10.2927, 2043.1, 202.812, 0.532709, 0.059584, 0.999954, 0.878567, 0, 0
4.67987, 4.85474, 446.253, 90.8863, 0.117275, 0.000112221, 0.043535, 0.608319, 0, 0
8.31314, 7.00469, 729.83, 123.554, 0.027533, 0.004324, 8.42261e-06, 0.170287, 0, 0
6.65581, 6.3632, 630.198, 116.565, 0.755229, 0.00145, 0.000177346, 0.309378, 0, 0
10.524, 6.97159, 1168.69, 141.342, 0.000430857, 0.348889, 0.999994, 0.000305133, 0, 0
7.67008, 9.69634, 1147.09, 140.689, 0.532709, 0.059584, 0.976596, 0.734411, 0, 0
12.3301, 15.3381, 2037.46, 228.461, 0.755229, 0.755229, 0.999999, 0.994463, 0, 0
136.04, 187.363, 18405.2, 1071.09, 0.211024, 0.059584, 1, 0.401656, 0, 0
10.5373, 12.7556, 1604.97, 179.642, 0.004324, 0.00145, 0.999999, 0.996281, 0, 0
11.6995, 15.6573, 1915.05, 220.62, 0.059584, 0.211024, 1, 0.969668, 0, 0
5.97425, 7.72153, 1154.92, 135.657, 0.348889, 0.117275, 0.008775, 0.180032, 0, 0
12.9996, 6.72857, 1018.31, 135.411, 0.011508, 3.81988e-11, 0.002654, 0.986364, 0, 0
10.3944, 6.36659, 1069.24, 135.134, 0.348889, 7.84157e-07, 0.179146, 0.859319, 0, 0
5.79507, 5.71557, 821.536, 112.044, 0.532709, 2.53208e-05, 0.000220744, 0.811514, 0, 0
16.1966, 43.277, 8189.73, 498.809, 0.059584, 0.000112221, 1.76145e-08, 0.499834, 0, 0
6.08473, 6.70206, 1075.75, 128.458, 0.348889, 2.53208e-05, 0.100955, 0.959048, 0, 0
15.7632, 11.8394, 2345.46, 200.845, 0.755229, 1.02584e-07, 0.010472, 0.003985, 0, 0
5.69773, 5.47333, 716.915, 107.083, 0.027533, 2.53208e-05, 0.002803, 0.087918, 0, 0
6.63102, 9.44355, 1474.99, 157.874, 0.211024, 0.00145, 0.000969433, 0.638575, 0, 0
6.08879, 4.97133, 589.775, 97.55, 0.004324, 0.000430857, 7.39752e-05, 0.474463, 0, 0
6.37948, 6.0605, 967.942, 121.1, 1, 4.8736e-06, 0.003705, 0.094537, 0, 0
7.96411, 6.93278, 1031.52, 133.928, 1, 0.000112221, 0.996313, 0.673484, 0, 0
5.94504, 7.16721, 817.716, 129.938, 0.532709, 0.000430857, 0.00107, 0.81747, 0, 0
6.06572, 8.29797, 993.47, 124.859, 0.532709, 1, 0.689575, 0.438245, 0, 0
6.07577, 8.9185, 1333.88, 167.213, 1, 2.53208e-05, 0.98599, 0.071431, 0, 0
6.36449, 5.72848, 749.651, 119.249, 0.755229, 4.8736e-06, 0.000711182, 0.217529, 0, 0
5.82401, 5.96636, 760.035, 111.195, 1, 0.000430857, 0.031082, 0.064206, 0, 0
21.2506, 7.00385, 2626.24, 202.829, 0.532709, 1.02584e-07, 0.067089, 0.823031, 0, 0
13.4152, 7.71888, 881.417, 124.617, 1, 9.09495e-13, 0.006169, 0.940374, 0, 0
6.95292, 9.78563, 995.849, 169.035, 0.00145, 0.011508, 0.000275973, 0.005654, 0, 0
37.7374, 49.4019, 11828.8, 453.097, 0.000112221, 0.027533, 0.000103052, 0.418932, 0, 0
5.60096, 7.98341, 1042.18, 141.682, 0.348889, 0.348889, 0.944138, 0.000366886, 0, 0
21.4631, 13.4221, 3893.44, 238.786, 0.117275, 0.00145, 0.999417, 0.411669, 0, 0
7.8158, 8.54655, 924.692, 127.574, 0.348889, 0.532709, 0.959535, 0.939942, 0, 0
6.05934, 6.81243, 863.661, 130.457, 0.755229, 2.53208e-05, 0.000242786, 0.275645, 0, 0
90.5406, 60.116, 78251.6, 1208.35, 0.755229, 0.348889, 0.007534, 0.577697, 0, 0
91.6657, 56.9816, 80953.2, 1115.43, 1, 1, 0.943455, 0.162494, 0, 0
95.229, 57.7897, 32064.1, 719.107, 0.348889, 1.04792e-08, 2.0376e-05, 0.953338, 0, 0
107.236, 69.9918, 97992.6, 1224.01, 0.532709, 0.117275, 0.169092, 0.947034, 0, 0
63.4653, 36.4978, 23664.7, 610.884, 0.268187, 0.268187, 0.005614, 0.000231884, 0, 0
101.209, 71.4304, 91138, 1177.84, 0.023703, 0.009475, 0.943073, 0.371529, 0, 0
62.019, 38.0574, 27341.4, 641.547, 0.429591, 0.15386, 0.071046, 0.810549, 0, 0
49.1429, 34.0701, 22674.9, 672.666, 0.755229, 0.027533, 0.073032, 0.999017, 0, 0
108.204, 57.5748, 39523.2, 888.014, 1, 1.02584e-07, 0.001688, 0.849006, 0, 0
101.087, 53.7822, 84623.5, 1274.39, 0.000294077, 0.053252, 0.016617, 0.52061, 0, 0
61.3702, 50.1599, 52545.3, 1005.12, 0.532709, 0.348889, 0.997956, 0.87103, 0, 0
107.34, 50.582, 76325.2, 1094.65, 0.003933, 0.011331, 0.991951, 0.913619, 0, 0
54.041, 37.6785, 23961.1, 591.942, 0.004324, 0.027533, 0.987971, 0.904484, 0, 0
53.8199, 37.9875, 20022.5, 575.343, 0.000112221, 0.000112221, 0.000112465, 0.734411, 0, 0
46.6971, 26.6433, 16374.1, 509.931, 0.117275, 0.027533, 0.70005, 0.989286, 0, 0
52.6321, 33.5559, 16498.5, 507.167, 0.004324, 0.004324, 0.000615915, 0.994785, 0, 0
64.4953, 40.2454, 23531.8, 645.576, 0.348889, 0.00145, 0.991491, 0.49928, 0, 0
48.3421, 35.5675, 27940.5, 671.133, 0.348889, 0.117275, 0.395729, 0.848225, 0, 0
51.147, 34.8914, 19817.5, 656.137, 0.532709, 0.348889, 0.980779, 0.575265, 0, 0
98.1995, 84.2641, 59380.7, 1092.06, 0.348889, 0.755229, 1, 0.998644, 0, 0
134.347, 36.3607, 14291.3, 482.645, 4.8736e-06, 9.09495e-13, 6.80286e-12, 0.950185, 1, 0
48.46, 38.1126, 24669.6, 615.055, 0.532709, 0.348889, 0.961893, 0.902083, 0, 0
147.067, 61.498, 111933, 1421.24, 6.03854e-07, 0.143307, 0.963486, 0.343517, 0, 0
57.5327, 46.6077, 48017.8, 854.428, 0.15386, 0.429591, 0.95078, 0.100154, 0, 0
70.3799, 64.0927, 49813, 991.783, 0.211024, 2.53208e-05, 0.998817, 1, 0, 0
287.183, 52.1189, 74979.3, 1266.48, 0.348889, 9.09495e-13, 9.52788e-06, 0.451115, 1, 0
235.991, 49.7263, 203789, 1831.36, 4.8736e-06, 2.53208e-05, 0.99831, 0.055612, 1, 0
51.6536, 52.5229, 38224, 842.802, 0.117275, 0.027533, 0.993738, 0.999071, 0, 0
30.4101, 20.3524, 8731.15, 383.502, 0.117275, 0.532709, 0.99401, 0.633991, 0, 0
85.2455, 70.521, 52228, 980.622, 0.429591, 8.36459e-06, 0.958916, 0.997223, 0, 0
80.7487, 94.794, 166173, 1732.87, 0.027533, 0.117275, 0.960476, 0.309864, 0, 0
379.826, 276.973, 946656, 4165.31, 0.532709, 0.117275, 1, 0.895448, 1, 0
84.2657, 53.7622, 65982.2, 999.445, 0.004324, 0.059584, 0.023145, 0.517262, 0, 0
63.8538, 75.2881, 123430, 1397.97, 0.08069, 0.429591, 0.99899, 0.78608, 0, 0
44.5887, 42.655, 15067.8, 514.96, 0.336784, 0.009475, 9.83229e-06, 0.499971, 0, 0
40.5261, 45.9488, 29033.2, 735.186, 0.053252, 0.108129, 0.999999, 0.013908, 0, 0
78.897, 67.5374, 22192.9, 695.271, 0.003378, 7.02548e-05, 0.999961, 0.997715, 0, 0
26.6094, 16.1491, 714.254, 221.463, 0.749259, 0.023703, 1, 0.046169, 0, 0
58.217, 47.294, 12076.4, 550.687, 0.199591, 0.336784, 0.999775, 1, 0, 0
36.0574, 39.3416, 17450.3, 608.818, 0.336784, 0.522397, 0.003042, 0.209244, 0, 0
20.8079, 18.8535, 4114.26, 308.509, 1, 7.02548e-05, 0.999999, 0.996967, 0, 0
46.0212, 40.9078, 18685.2, 644.568, 1, 0.749259, 0.999194, 0.99386, 0, 0
39.1704, 31.4452, 12432.4, 474.691, 0.023703, 0.009475, 0.979445, 0.819576, 0, 0
49.1096, 34.2971, 18626.4, 562.801, 0.417692, 0.627103, 0.999989, 0.393605, 0, 0
33.8833, 35.6164, 20397.9, 673.331, 0.749259, 0.001065, 0.987725, 0.001886, 0, 0
40.8793, 40.0083, 20929, 631.391, 0.023703, 0.003378, 0.99999, 0.003188, 0, 0
47.358, 40.9588, 17447.3, 577.016, 0.175465, 0.016674, 0.999874, 0.301239, 0, 0
24.4116, 17.3148, 632.926, 212.789, 1, 0.108129, 1, 0.783849, 0, 0
65.2124, 47.1534, 15966.2, 538.891, 0.009475, 0.003378, 1, 0.044918, 0, 0
29.7307, 21.1778, 842.246, 255.726, 1, 0.009475, 1, 0.861979, 0, 0
82.1115, 76.1169, 61197.4, 1064.92, 0.522397, 0.001065, 0.003043, 0.255168, 0, 0
136.045, 109.185, 23516.7, 891.895, 0.108129, 7.02548e-05, 1, 0.019226, 0, 0
87.038, 40.2391, 21031.8, 603.059, 0.199591, 3.35316e-07, 0.992826, 0.043152, 0, 0
55.4955, 33.3781, 12080.4, 506.769, 0.108129, 0.522397, 0.999934, 0.986297, 0, 0
16.7082, 17.5278, 1988.1, 215.777, 0.003378, 3.60887e-08, 1, 0.114549, 0, 0
50.4211, 54.8919, 10462, 519.579, 0.023703, 0.108129, 1, 0.93941, 0, 0
95.5185, 86.1367, 71988.7, 1034.46, 0.871415, 0.871415, 0.000381303, 0.768812, 0, 0
33.2422, 17.2355, 4641.76, 303.121, 0.199591, 0.009475, 0.999918, 0.906999, 0, 0
84.5854, 73.313, 27788.9, 717.811, 0.522397, 0.749259, 1.82133e-06, 0.188554, 0, 0
136.643, 102.988, 37981.7, 899.604, 0.532709, 0.004324, 1.18324e-13, 0.028261, 0, 0
20.1758, 29.8508, 6820.42, 427.275, 0.211024, 0.117275, 0.033438, 0.763742, 0, 0
61.3955, 57.3407, 47641.2, 968.092, 0.117275, 0.755229, 0.992572, 0.82926, 0, 0
12.4713, 12.0492, 2477.69, 215.814, 0.755229, 0.117275, 0.999843, 0.749393, 0, 0
12.1995, 23.68, 3570.1, 347.015, 0.532709, 0.059584, 0.911034, 0.613013, 0, 0
28.4143, 19.624, 4036.08, 332.477, 0.532709, 0.011508, 1, 0.21759, 0, 0
32.2951, 47.8242, 23116.9, 743.239, 0.211024, 0.532709, 0.992031, 0.998739, 0, 0
53.7708, 34.4812, 6088.58, 429.398, 0.059584, 0.004324, 1, 0.528686, 0, 0
30.5827, 21.3563, 7865.29, 361.659, 1, 0.211024, 0.999996, 0.225283, 0, 0
20.7831, 18.0441, 937.761, 274.322, 0.211024, 0.00145, 1, 0.104061, 0, 0
48.0207, 37.2605, 8722.48, 559.608, 0.011508, 0.000430857, 1, 0.723967, 0, 0
8.62352, 10.3611, 295.967, 169.644, 0.532709, 0.000430857, 1, 0.987707, 0, 0
216.807, 151.178, 100928, 1309.45, 0.004324, 0.00145, 1, 0.051927, 0, 0
49.9088, 27.3222, 10736.2, 409.143, 0.755229, 0.027533, 0.11636, 0.14601, 0, 0
23.0352, 19.8583, 1737.89, 284.575, 1, 7.84157e-07, 1, 0.36681, 0, 0
50.4306, 35.1518, 4456.74, 389.788, 0.027533, 0.117275, 1, 0.912367, 0, 0
37.7121, 19.0892, 8552.86, 390.026, 0.117275, 0.755229, 0.999989, 0.800278, 0, 0
58.578, 46.5201, 5904.16, 484.558, 0.00145, 0.00145, 1, 0.999009, 0, 0
8.35214, 10.2837, 917.347, 183.682, 0.059584, 0.00145, 0.999997, 0.992289, 0, 0
36.9108, 31.1443, 16435.7, 600.789, 1, 0.348889, 0.999995, 0.681086, 0, 0
45.1452, 41.9778, 19716.8, 555.834, 0.211024, 0.755229, 0.822126, 0.001124, 0, 0
48.1747, 32.2717, 9437.29, 436.87, 0.117275, 1, 0.999719, 0.402325, 0, 0
49.0636, 34.1991, 13375.5, 523.961, 0.011508, 1.04792e-08, 0.999809, 1, 0, 0
56.3419, 27.0189, 8906.39, 401.586, 0.348889, 9.09495e-13, 0.856078, 0.997127, 0, 0
29.1401, 19.87, 958.597, 273.24, 0.027533, 0.117275, 1, 0.873003, 0, 0
32.2424, 34.644, 13255.2, 478.82, 0.011508, 0.348889, 0.999997, 1, 0, 0
114.034, 61.2064, 22651.5, 849.864, 0.348889, 9.09495e-13, 1, 0.754001, 1, 0
14.8081, 24.7489, 6899.74, 405.814, 0.15386, 0.268187, 0.999995, 0.307691, 0, 0
25.6234, 64.4443, 23448.8, 835.902, 0.117275, 0.211024, 0.999995, 0.407673, 0, 0
15.4793, 13.4198, 4197.29, 268.112, 0.532709, 0.011508, 0.939541, 0.99788, 0, 0
15.8168, 15.7774, 2599.71, 228.255, 2.53208e-05, 0.117275, 2.74243e-06, 0.53466, 0, 0
27.6263, 20.4937, 8164.15, 391.911, 0.059584, 0.011508, 0.999998, 0.922896, 0, 0
12.657, 21.7144, 6167.3, 387.576, 0.011508, 0.000112221, 0.009773, 0.13915, 0, 0
20.3761, 21.5751, 9988.99, 437.053, 0.027533, 0.117275, 0.962809, 0.58623, 0, 0
20.5169, 21.8151, 5387.38, 318.882, 0.117275, 0.027533, 0.000291637, 0.361667, 0, 0
26.1777, 44.2083, 13494, 702.323, 0.336784, 0.108129, 1.31122e-07, 2.0548e-08, 0, 0
16.6194, 23.6653, 5485.16, 299.268, 0.871415, 6.67787e-08, 0.000676601, 0.114703, 0, 0
14.9772, 12.1973, 4578.5, 276.541, 0.011508, 0.027533, 0.998891, 0.991059, 0, 0
31.6218, 18.3742, 5279.32, 309.873, 2.53208e-05, 0.117275, 0.992967, 0.997771, 0, 0
109.04, 75.0508, 116814, 1419.5, 0.011331, 0.132498, 0.909076, 0.002475, 0, 0
126.946, 142.885, 136762, 1630.67, 0.108129, 0.001065, 0.99794, 0.964246, 0, 0
158.244, 126.184, 237270, 1977.12, 1, 1, 0.896875, 0.176116, 0, 0
220.576, 229.74, 540468, 3443.4, 0.336784, 0.336784, 0.999999, 0.244028, 0, 0
282.625, 186.35, 304700, 2890.08, 1, 3.63798e-12, 0.849661, 0.869433, 0, 0
227.096, 117.829, 408224, 2539.96, 0.627103, 2.43426e-05, 0.014015, 0.499254, 0, 0
379.238, 227.504, 824056, 3864.56, 0.007632, 0.020074, 0.98208, 0.996869, 0, 0
97.7571, 109.145, 130191, 1431, 0.749259, 1, 0.027371, 0.950751, 0, 0
156.935, 103.667, 165142, 1621.74, 0.417692, 0.072951, 0.955862, 0.005492, 0, 0
198.544, 111.881, 336453, 2289.11, 0.749259, 0.009475, 0.04107, 0.929162, 0, 0
150.217, 161.247, 220227, 2262.79, 0.522397, 0.749259, 0.999397, 0.036878, 0, 0
167.098, 114.844, 209660, 1741.76, 0.053252, 0.522397, 0.892084, 0.101187, 0, 0
353.642, 226.413, 611614, 2962.68, 0.108129, 3.63798e-12, 0.959521, 0.949831, 0, 0
238.714, 197.408, 455517, 2666.89, 0.749259, 0.108129, 0.988925, 0.434544, 0, 0
274.371, 121.294, 494901, 2645.3, 0.522397, 0.336784, 0.047704, 0.002337, 0, 0
219.901, 178.104, 384209, 2525.9, 0.143307, 0.143307, 0.141414, 0.219953, 0, 0
414.521, 236.172, 537101, 2864.74, 0.009475, 3.63798e-12, 4.32948e-06, 0.477875, 0, 0
415.469, 226.28, 780632, 3642.11, 0.053252, 3.63798e-12, 0.884066, 0.20077, 0, 0
218.104, 206.995, 379674, 2442.3, 1, 0.522397, 0.979754, 0.876596, 0, 0
231.108, 265.695, 439191, 2770.42, 0.007632, 0.187742, 0.999562, 0.00207, 0, 0
17.8063, 53.5626, 12257.1, 812.873, 0.059584, 4.8736e-06, 1, 0.991616, 0, 0
24.7528, 81.7239, 41124.1, 1252.68, 0.000430857, 7.83984e-10, 0.002579, 0.859017, 0, 0
26.9245, 46.9966, 7555.86, 613.421, 0.059584, 7.84157e-07, 3.93803e-18, 0.080766, 0, 0
20.5352, 51.9295, 28502.5, 778.211, 0.336784, 0.199591, 1.25005e-05, 0.992781, 0, 0
31.8026, 69.9496, 43108.4, 969.341, 0.059584, 0.027533, 0.034429, 0.995477, 0, 0
21.0983, 68.6479, 19264.2, 1076.88, 1, 2.53208e-05, 1, 1, 0, 0
30.9699, 99.7476, 68200.3, 1434.76, 0.755229, 0.348889, 0.000266837, 0.978433, 0, 0
18.2672, 55.9749, 22929.2, 850.445, 0.00145, 1.04792e-08, 0.003904, 0.99694, 0, 0
24.7469, 67.9697, 41147.4, 980.459, 0.211024, 0.117275, 0.017394, 0.990022, 0, 0
25.4538, 62.7347, 41095.5, 962.784, 1, 0.348889, 0.001093, 0.989638, 0, 0
14.3549, 41.3185, 4602.48, 585.601, 0.004324, 1.02584e-07, 1, 0.999088, 0, 0
93.4179, 151.95, 20996, 948.997, 0.348889, 7.83984e-10, 1, 0.497817, 0, 0
15.8993, 45.0877, 18983.2, 652.543, 0.011508, 1.04792e-08, 0.982449, 0.991718, 0, 0
11.1478, 23.0614, 8896.27, 452.638, 1, 1.04792e-08, 0.001586, 1, 0, 0
11.2819, 21.9625, 4431.09, 394.77, 0.532709, 0.000112221, 0.999951, 0.998248, 0, 0
12.708, 23.9631, 5827.99, 416.803, 1, 2.53208e-05, 0.008119, 0.101074, 0, 0
10.3818, 20.6927, 2512.72, 330.502, 0.377086, 0.050102, 0.999964, 0.429595, 0, 0
29.6878, 47.0991, 5421.55, 386.252, 1, 1, 1.7557e-08, 0.914104, 0, 0
36.4228, 45.2867, 11838.3, 621.875, 0.117275, 1, 1, 0.902591, 0, 0
54.5132, 44.2922, 16454.8, 610.697, 0.117275, 0.000430857, 0.999998, 0.871605, 0, 0
30.4432, 27.5472, 6780.44, 399.898, 0.755229, 0.348889, 0.999908, 0.282499, 0, 0
59.3207, 56.6981, 23834.6, 700.002, 0.059584, 0.027533, 0.998904, 0.99317, 0, 0
12.7185, 24.4651, 2519.32, 297.942, 1, 4.8736e-06, 1.53242e-09, 0.992761, 0, 0
16.6035, 22.5109, 7067.45, 394.006, 0.000430857, 7.84157e-07, 0.138134, 0.336374, 0, 0
14.6334, 49.5914, 4866.79, 686.104, 0.348889, 4.8736e-06, 4.51666e-09, 1, 0, 0
10.6498, 36.9407, 4420.77, 532.85, 0.000112221, 4.8736e-06, 0.000272967, 0.987545, 0, 0
6.42141, 15.7755, 1200.47, 236.774, 0.429591, 1.85702e-07, 0.00393, 0.998858, 0, 0
23.348, 44.3655, 18499.6, 623.026, 0.871415, 6.67787e-08, 0.036775, 0.758476, 0, 0
14.0042, 29.7573, 6330.5, 443.222, 0.755229, 0.004324, 7.96197e-08, 0.998943, 0, 0
10.1299, 18.1012, 3082.71, 265.194, 0.004324, 2.53208e-05, 4.57925e-08, 0.997424, 0, 0
18.8333, 45.5454, 10997.3, 695.834, 1, 7.83984e-10, 1.55866e-08, 0.974808, 0, 0
11.5618, 45.8, 4937.41, 654.337, 0.348889, 7.84157e-07, 6.48424e-11, 0.845921, 0, 0
8.70331, 16.745, 2723.06, 267.387, 0.059584, 7.83984e-10, 0.015873, 0.962215, 0, 0
10.8524, 19.8143, 2111.41, 245.399, 0.000430857, 2.53208e-05, 0.999973, 0.889263, 0, 0
17.8114, 30.8595, 3739.23, 362.396, 1, 7.83984e-10, 2.62223e-12, 0.589396, 0, 0
30.4292, 48.8456, 14621.9, 690.783, 0.000430857, 2.53208e-05, 0.048169, 0.854496, 0, 0
17.4802, 32.1187, 7584.64, 390.214, 1.02584e-07, 1.02584e-07, 0.083322, 0.904682, 0, 0
13.594, 10.9707, 849.596, 144.089, 0.027533, 2.53208e-05, 1.28195e-18, 0.112212, 0, 0
19.5181, 39.8604, 4722.6, 390.524, 0.211024, 3.81988e-11, 9.01718e-13, 0.998037, 0, 0
20.3326, 46.3696, 2144.46, 700.71, 4.8736e-06, 2.53208e-05, 2.26382e-11, 0.981913, 0, 0
16.7178, 29.8814, 880.864, 190.056, 0.000182166, 1.81899e-12, 5.72195e-13, 1, 0, 0
113.194, 112.301, 176111, 1779.99, 0.117275, 0.211024, 0.931564, 0.427529, 0, 0
95.2435, 116.63, 161529, 1703.37, 0.117275, 0.755229, 0.997692, 0.998524, 0, 0
195.772, 113.235, 195438, 1812.88, 0.000430857, 0.011508, 0.004793, 0.582925, 0, 0
175.733, 127.413, 203237, 1894.57, 0.108129, 3.63798e-12, 0.987309, 0.468066, 0, 0
113.579, 103.584, 163467, 1714.1, 0.211024, 0.011508, 0.905357, 0.169397, 0, 0
129.395, 109.506, 188022, 1782.94, 0.00145, 0.00145, 0.99403, 0.950996, 0, 0
172.806, 111.96, 203596, 1974.35, 0.348889, 0.004324, 0.023045, 0.784906, 0, 0
96.6617, 124.717, 228544, 1940.75, 0.532709, 0.755229, 0.933068, 0.999088, 0, 0
117.598, 118.264, 129507, 1660.95, 2.53208e-05, 0.755229, 0.99997, 0.980032, 0, 0
118.094, 130.557, 270568, 2177.11, 0.348889, 0.027533, 0.885877, 0.213459, 0, 0
101.159, 106.446, 136370, 1597.65, 0.532709, 1, 0.999961, 0.630599, 0, 0
160.576, 110.355, 155084, 1534.44, 0.004324, 4.8736e-06, 0.053104, 0.714159, 0, 0
101.069, 78.1109, 70431.1, 1214.48, 1, 0.059584, 0.994395, 0.35291, 0, 0
152.477, 105.934, 150233, 1756.47, 0.117275, 9.09495e-13, 0.733439, 0.994335, 1, 0
131.387, 162.938, 365884, 2549.29, 0.635828, 0.016589, 0.921097, 0.718113, 0, 0
131.009, 106.648, 135588, 1427.47, 0.348889, 0.117275, 0.081633, 0.004898, 0, 0
97.3976, 124.164, 132315, 1693.19, 0.755229, 0.00145, 0.99985, 1, 0, 0
26.5538, 73.1276, 25680.6, 772.975, 0.072951, 2.43426e-05, 2.46955e-09, 0.998493, 0, 0
11.88, 43.4543, 11718.9, 648.217, 0.49956, 2.09548e-09, 0.00381, 0.998788, 0, 0
69.4614, 118.279, 21366.8, 874.362, 1, 7.83984e-10, 2.57685e-18, 0.944624, 0, 0
11.852, 39.2238, 8688.77, 496.394, 7.84157e-07, 1.04792e-08, 1.57062e-12, 0.998289, 0, 0
11.9843, 38.6888, 12941.5, 531.884, 0.175465, 0.04096, 0.983727, 0.995474, 0, 0
14.9465, 51.1948, 17056.3, 590.86, 0.004324, 0.117275, 4.43095e-08, 0.999043, 0, 0
12.2308, 37.28, 12248.2, 648.297, 7.42753e-06, 0.007632, 0.000219278, 0.855874, 0, 0
10.9831, 28.8113, 11275.2, 519.538, 0.005098, 5.39876e-09, 0.986756, 0.76334, 0, 0
6.36206, 17.7853, 3954.26, 272.225, 0.405032, 0.617719, 0.686759, 0.901533, 0, 0
16.5228, 48.2602, 25871.7, 747.875, 0.098872, 0.742829, 0.000624168, 0.692745, 0, 0
6.46713, 17.3638, 2052.29, 289.706, 0.006427, 1.49339e-09, 0.994748, 1, 0, 0
10.1084, 35.4426, 12686.7, 580.745, 0.522397, 1.45519e-10, 0.062681, 0.998935, 0, 0
15.2854, 46.6347, 12315, 545.814, 0.187742, 5.52973e-10, 0.999904, 0.998154, 0, 0
6.42468, 20.8194, 1912.27, 253.765, 0.023703, 1.45519e-10, 1, 0.993452, 0, 0
73.5976, 101.884, 30223.4, 790.366, 4.2277e-05, 7.45786e-11, 1, 0.690822, 0, 0
8.44181, 20.2448, 3920.13, 287.32, 0.617719, 1.94158e-06, 0.998788, 0.389528, 0, 0
11.152, 34.8408, 6916.58, 600.263, 0.15386, 7.45786e-11, 0.999951, 0.99899, 0, 0
9.4945, 35.8584, 3557.81, 539.822, 0.002221, 1.38261e-06, 0.999999, 0.998961, 0, 0
12.823, 35.5614, 13232.3, 594.46, 0.038477, 1.9465e-08, 0.143982, 0.999012, 0, 0
11.5377, 30.7079, 9049.11, 402.982, 0.002935, 1.16415e-10, 0.052014, 0.995058, 0, 0
10.9859, 33.6128, 9913.73, 476.28, 0.522397, 3.60887e-08, 0.905471, 0.997553, 0, 0
9.44604, 40.0449, 4348.33, 579.02, 0.08069, 7.45786e-11, 1.0289e-09, 0.998698, 0, 0
46.5259, 90.3904, 49996.3, 896.762, 0.026604, 2.09808e-05, 0.977774, 0.996978, 0, 0
10.6534, 31.4778, 11447.1, 571.073, 1.38261e-06, 1.38261e-06, 0.001037, 0.998798, 0, 0
52.0838, 58.1719, 43309.6, 921.146, 0.532709, 0.000430857, 0.898924, 0.996519, 0, 0
82.7307, 66.5232, 60905.2, 956.413, 1, 0.348889, 0.285168, 0.924133, 0, 0
54.2164, 35.1824, 29834, 694.69, 0.755229, 2.53208e-05, 0.907079, 0.029344, 0, 0
94.4509, 53.86, 39578.6, 761.896, 0.027533, 0.059584, 0.00814, 0.245857, 0, 0
43.6552, 33.6132, 23510.8, 675.974, 0.755229, 0.011508, 0.893423, 0.073299, 0, 0
79.3441, 80.3497, 110076, 1453.46, 0.027533, 0.348889, 0.997455, 0.541727, 0, 0
76.4256, 59.3318, 64094.6, 1090.01, 0.755229, 0.348889, 0.981616, 0.95069, 0, 0
62.1663, 59.1854, 46831.1, 875.755, 0.211024, 0.117275, 0.984294, 0.993833, 0, 0
60.2086, 45.2761, 43135.1, 851.496, 0.059584, 7.83984e-10, 0.998728, 0.970431, 0, 0
61.7797, 40.5264, 37578.7, 752.091, 0.348889, 0.117275, 0.198151, 0.912928, 0, 0
93.1775, 62.0458, 57594.6, 974.629, 0.011508, 0.011508, 0.894085, 0.998333, 0, 0
45.5976, 33.9449, 25409.2, 622.371, 0.429591, 0.268187, 0.940087, 0.553144, 0, 0
85.3617, 50.744, 47791.2, 878.558, 0.532709, 0.004324, 0.987365, 0.934317, 1, 0
122.765, 98.624, 123223, 1391.32, 0.011508, 0.211024, 0.984551, 0.987846, 0, 0
94.3301, 78.8604, 39184.9, 881.523, 0.211024, 0.211024, 0.999994, 0.014177, 0, 0
49.3346, 41.0513, 23661.2, 606.371, 0.532709, 0.027533, 0.068689, 0.450382, 0, 0
33.1935, 46.9864, 9934.79, 743.125, 1, 0.011508, 1, 0.505604, 0, 0
43.9944, 34.8747, 25130.3, 666.437, 1, 0.011508, 0.977831, 0.009871, 0, 0
26.6913, 22.6474, 8107.36, 372.349, 0.755229, 1, 0.999988, 0.057275, 0, 0
112.352, 90.4543, 57900.8, 1090.67, 0.004324, 4.8736e-06, 1.27777e-05, 0.13782, 0, 0
82.7137, 40.4322, 37756.5, 770.605, 0.059584, 0.348889, 0.904404, 0.103606, 0, 0
14.1181, 21.1097, 8026.03, 420.587, 1, 0.348889, 0.8387, 0.494171, 0, 0
15.5482, 10.4905, 2496.65, 211.134, 0.532709, 1, 0.999977, 0.323286, 0, 0
33.8707, 34.6206, 11593.2, 622.353, 1, 0.211024, 1, 0.193115, 0, 0
38.2536, 33.3902, 16592.9, 525.109, 1, 0.532709, 0.999996, 0.93728, 0, 0
16.3367, 29.1666, 1312.15, 275.95, 0.532709, 2.53208e-05, 1.54478e-23, 0.998327, 0, 0
14.8126, 24.9798, 1979.26, 294.951, 0.08069, 1.38261e-06, 3.79689e-12, 0.998084, 0, 0
8.37804, 12.836, 1048.15, 158.449, 4.8736e-06, 9.09495e-13, 0.999858, 0.997775, 0, 0
10.1254, 20.5875, 2167.34, 330.701, 0.348889, 2.53208e-05, 5.08018e-07, 0.997603, 0, 0
6.32893, 7.37117, 677.213, 123.278, 1, 1.04792e-08, 0.999917, 0.851649, 0, 0
9.99731, 9.69872, 722.243, 140.552, 0.117275, 4.8736e-06, 9.08603e-10, 0.437755, 0, 0
19.0874, 34.2561, 2443.6, 333.689, 0.00145, 2.53208e-05, 2.69006e-14, 0.993147, 0, 0
11.7566, 6.70385, 831.775, 140.278, 1, 2.53208e-05, 3.05891e-07, 0.000527526, 0, 0
4.77115, 5.57386, 157.023, 58.707, 1, 0.000112221, 7.40444e-05, 0.253263, 0, 0
12.8092, 23.076, 653.288, 164.796, 0.00145, 3.81988e-11, 1, 1, 0, 0
18.3676, 34.8486, 1042.68, 220.288, 0.348889, 9.09495e-13, 1, 0.99723, 0, 0
16.1756, 27.3607, 1541.23, 217.601, 0.242985, 1.29135e-05, 1, 0.998719, 0, 0
13.7872, 23.9016, 2831.98, 219.335, 1, 2.53208e-05, 0.999997, 0.986469, 0, 0
11.3075, 16.8701, 1280.71, 215.99, 0.059584, 2.53208e-05, 0.999993, 0.998318, 0, 0
11.6826, 11.9526, 1925.38, 211.363, 0.006427, 8.36459e-06, 8.05943e-08, 0.515626, 0, 0
8.75694, 13.7851, 1384.26, 178.445, 0.348889, 1.02584e-07, 0.999414, 0.990031, 0, 0
22.7189, 41.6606, 16870, 588.74, 2.53208e-05, 1.02584e-07, 0.001717, 0.998156, 0, 0
14.4041, 27.5689, 2320.09, 218.266, 4.8736e-06, 3.81988e-11, 1, 0.9989, 0, 0
9.64832, 16.4509, 1522.86, 156.107, 7.84157e-07, 9.09495e-13, 2.56172e-06, 0.421284, 0, 0
9.24531, 15.5844, 2046.64, 184.598, 0.011508, 9.09495e-13, 0.000356446, 0.998006, 0, 0
15.2657, 26.4666, 3739.47, 377.159, 0.027533, 4.8736e-06, 3.13174e-07, 0.994363, 0, 0
12.7851, 19.8741, 2595.39, 219.224, 0.143307, 2.83762e-10, 0.616025, 0.993649, 0, 0
14.7476, 24.1716, 3052.81, 266.058, 0.117275, 2.53208e-05, 1.06873e-10, 0.972155, 0, 0
23.1052, 43.2707, 7273.67, 384.859, 0.348889, 2.53208e-05, 2.37155e-11, 0.986437, 0, 0
19.4952, 35.801, 3731.85, 443.523, 0.011508, 1.04792e-08, 1, 1, 0, 0
