2.97368, 0.743464, 7.95251, 10.7344, 0.000112221, 9.09495e-13, 1.06001e-15, 0.939542, 0, 0
1.35454, 0.380075, 3.72298, 7.96556, 0.15386, 1.9465e-08, 2.67541e-06, 0.960673, 0, 0
1.5453, 0.443307, 4.29387, 8.59138, 0.027533, 3.81988e-11, 1.0841e-06, 0.940676, 0, 0
1.67598, 0.439917, 2.95241, 7.87045, 7.83984e-10, 7.83984e-10, 2.30273e-10, 0.85181, 0, 0
2.80737, 0.678209, 6.45805, 9.76599, 1.02584e-07, 9.09495e-13, 3.80497e-16, 0.923109, 0, 0
2.36371, 0.557651, 6.49141, 10.0882, 0.429591, 7.45786e-11, 1.97477e-11, 0.981286, 0, 0
2.29468, 1.1658, 19.3065, 17.7083, 0.268187, 7.45786e-11, 0.027352, 0.847502, 0, 0
2.08596, 1.16202, 14.456, 18.6077, 0.00145, 9.09495e-13, 0.957453, 0.998618, 0, 0
2.2083, 0.592799, 6.18653, 9.62715, 0.874629, 1.81899e-12, 1.66838e-10, 0.871329, 0, 0
1.3991, 0.51372, 8.29502, 11.561, 0.268187, 1.49339e-09, 0.00066606, 0.563675, 0, 0
3.19583, 2.73949, 30.1391, 54.0777, 0.011508, 9.09495e-13, 0.95869, 0.343386, 0, 0
1.63559, 0.609897, 5.32427, 11.1638, 0.004324, 9.09495e-13, 0.000111135, 0.999087, 0, 0
4.4141, 12.8604, 264.161, 173.207, 4.2277e-05, 1.81899e-12, 9.64669e-08, 0.700329, 0, 0
2.75997, 0.68439, 7.90065, 15.2358, 0.000112221, 9.09495e-13, 1.61343e-05, 0.9957, 0, 0
2.09613, 0.701262, 10.9924, 13.4579, 0.011508, 1.04792e-08, 3.85994e-06, 0.141959, 0, 0
1.99772, 0.710247, 7.23325, 10.4016, 0.000679548, 1.81899e-12, 6.14902e-07, 0.459279, 0, 0
2.88149, 8.92312, 100.499, 116.629, 0.001658, 6.67787e-08, 0.999998, 0.68053, 0, 0
1.7096, 1.30219, 22.031, 20.2997, 0.065245, 1.29135e-05, 0.003861, 1, 0, 0
1.44444, 0.371526, 2.91145, 7.57104, 1, 8.67993e-07, 1.1438e-05, 0.99339, 0, 0
42.1278, 66.4433, 17157.4, 598.116, 0.855536, 0.200488, 0.000353098, 0.72622, 0, 0
1.40705, 0.760607, 4.42853, 8.38245, 1.93012e-05, 4.65661e-10, 1.36074e-06, 0.894076, 0, 0
12.939, 40.5364, 2772.77, 461.175, 0.281042, 0.00087791, 0.999999, 0.914037, 0, 0
1.2348, 0.520554, 6.09733, 9.75719, 0.532709, 9.09495e-13, 0.773451, 0.981099, 0, 0
4.8433, 15.3666, 175.633, 185.582, 1, 3.39532e-05, 1.05939e-08, 0.983898, 0, 0
9.87588, 27.7741, 3887.24, 415.814, 0.000179991, 7.45058e-09, 0.993055, 0.997646, 0, 0
8.07003, 24.8717, 535.976, 324.839, 0.033552, 7.27596e-12, 0.876496, 0.998068, 0, 0
9.8448, 33.2746, 6483.9, 399.199, 6.16489e-06, 6.16489e-06, 1.65383e-08, 0.408365, 0, 0
1.51758, 1.55611, 19.2967, 19.9587, 3.39532e-05, 9.31323e-10, 0.003157, 0.935292, 0, 0
1.86683, 0.727506, 5.10439, 9.07762, 2.98023e-08, 2.98023e-08, 2.90847e-09, 0.994596, 0, 0
20.0475, 43.3097, 6422.93, 409.266, 0.814529, 0.001312, 0.873189, 0.998689, 0, 0
5.42432, 15.7258, 302.243, 166.033, 0.541256, 1.19209e-07, 0.999441, 0.998727, 0, 0
21.2191, 42.3348, 6164.94, 497.338, 0.035156, 0.007385, 0.967557, 0.000818106, 0, 0
1.66396, 0.869885, 7.48563, 10.4994, 0.003378, 1.45519e-10, 0.000180677, 0.681987, 0, 0
4.81401, 20.9178, 139.478, 240.163, 0.000324914, 0.000324914, 1.92299e-07, 0.121556, 0, 0
2.44052, 7.18763, 49.0194, 95.3867, 6.67787e-08, 4.25596e-06, 6.21191e-11, 0.996235, 0, 0
1.80273, 0.409318, 2.84841, 7.9923, 0.117275, 9.09495e-13, 1.44413e-05, 0.348981, 0, 0
2.29464, 0.558616, 4.12156, 8.22413, 0.059584, 9.09495e-13, 1.33744e-10, 0.898523, 0, 0
2.62625, 0.533251, 5.98061, 9.5557, 0.004324, 9.09495e-13, 2.62733e-09, 0.848806, 0, 0
3.56606, 2.91582, 74.3002, 38.2392, 0.749259, 3.63798e-12, 5.03274e-08, 0.023077, 0, 0
1.24031, 0.323515, 1.82758, 7.02593, 0.011508, 9.09495e-13, 0.000823893, 0.972997, 0, 0
3.00877, 2.49834, 90.1632, 41.1546, 0.749259, 2.42991e-06, 4.91354e-05, 0.510915, 0, 0
1.39928, 0.594135, 4.59273, 8.44695, 0.211024, 9.09495e-13, 8.13616e-05, 0.964636, 0, 0
10.5742, 37.4343, 492.464, 366.383, 0.006427, 4.2277e-05, 1, 0.404077, 0, 0
2.46307, 0.57049, 4.99448, 10.0311, 0.874629, 1.81899e-12, 8.44621e-06, 0.942826, 0, 0
2.2223, 0.760678, 4.93431, 10.6505, 0.000116167, 2.83762e-10, 3.25773e-10, 0.976626, 0, 0
2.3315, 0.791593, 7.81783, 15.219, 0.003327, 4.64916e-06, 4.81253e-09, 0.972518, 0, 0
2.5105, 0.574604, 5.7891, 11.3759, 1, 3.63798e-12, 3.62109e-06, 0.957822, 0, 0
1.95284, 1.86644, 28.774, 25.0674, 0.027533, 2.53208e-05, 0.001261, 0.410762, 0, 0
1.85143, 0.778099, 6.89048, 10.4252, 0.00145, 9.09495e-13, 3.08953e-05, 0.988537, 0, 0
2.1106, 0.573515, 7.59175, 11.5151, 0.000324063, 2.32831e-10, 1.12949e-05, 0.99423, 0, 0
6.72729, 25.6022, 528.192, 306.297, 0.7201, 2.98023e-08, 1.65333e-07, 0.968466, 0, 0
1.58343, 0.900315, 11.7822, 15.2526, 0.000312551, 1.07684e-09, 6.97279e-05, 0.98334, 0, 0
7.37554, 31.1678, 390.967, 397.427, 4.12576e-05, 1.08439e-06, 6.48892e-13, 0.998569, 0, 0
19.2134, 45.1154, 433.407, 281.617, 0.336784, 1.45519e-10, 1, 0.59025, 0, 0
1.13348, 0.899427, 5.50489, 10.1914, 1, 9.09495e-13, 0.006498, 0.825433, 0, 0
9.31118, 32.2686, 433.323, 307.074, 0.005098, 4.25596e-06, 1, 0.742184, 0, 0
1.93272, 0.95739, 5.17453, 10.7773, 1.93012e-05, 4.65661e-10, 5.57416e-10, 0.78413, 0, 0
2.0123, 1.71623, 26.4487, 27.6086, 0.004324, 7.83984e-10, 0.000623366, 0.34292, 0, 0
1.85119, 1.77985, 29.1851, 29.8024, 0.348889, 7.83984e-10, 0.085531, 0.521429, 0, 0
2.0401, 0.399881, 1.67471, 6.4689, 4.8736e-06, 9.09495e-13, 5.95896e-12, 0.004064, 0, 0
1.55222, 0.338622, 3.55251, 7.47941, 0.211024, 9.09495e-13, 2.19094e-06, 0.999046, 0, 0
3.76262, 10.3656, 339.253, 133.663, 0.000116842, 0.000116842, 1, 0.826358, 0, 0
7.52049, 25.7973, 189.806, 314.126, 0.001319, 1.30851e-07, 0.999985, 0.120064, 0, 0
1.60437, 0.559108, 4.61468, 8.88068, 2.53208e-05, 9.09495e-13, 5.44019e-10, 0.981481, 0, 0
4.65063, 13.522, 237.489, 183.935, 0.000294077, 2.84126e-09, 0.145267, 0.713515, 0, 0
1.79895, 0.438769, 4.00832, 9.38572, 0.348889, 9.09495e-13, 0.0003024, 0.984253, 0, 0
2.14803, 0.45078, 3.2484, 7.62045, 0.027533, 9.09495e-13, 8.49297e-09, 0.997832, 0, 0
1.92655, 1.11028, 18.6916, 18.9449, 0.027533, 1.04792e-08, 0.00079411, 0.995548, 0, 0
0.886472, 0.433492, 2.85262, 6.5552, 1, 1.9465e-08, 0.031713, 0.748963, 0, 0
4.51396, 13.4644, 105.388, 174.396, 2.84126e-09, 3.63798e-12, 5.67529e-20, 0.897802, 0, 0
2.05778, 0.577872, 4.16372, 7.77546, 0.429591, 1.81899e-12, 1.48759e-11, 0.990151, 0, 0
7.96717, 21.2018, 3434.07, 284.059, 0.023703, 3.63798e-12, 0.013985, 1, 0, 0
2.13275, 0.640348, 9.08627, 13.915, 0.059584, 1.04792e-08, 9.61525e-10, 0.864818, 0, 0
2.57736, 0.921594, 15.0209, 16.2512, 0.000430857, 7.84157e-07, 1.22527e-07, 0.993381, 0, 0
1.04733, 0.634665, 5.33381, 10.0546, 0.336784, 1.45519e-10, 0.124773, 0.826558, 0, 0
2.24148, 0.577145, 14.1812, 15.1634, 0.059584, 1.02584e-07, 5.10978e-07, 0.936356, 0, 0
1.24154, 0.599128, 5.42013, 8.9839, 0.08069, 7.45786e-11, 0.001898, 0.997331, 0, 0
1.02858, 0.507808, 4.0642, 7.93324, 1, 7.45786e-11, 0.000490867, 0.887644, 0, 0
1.71576, 0.465317, 3.83445, 8.88464, 0.000679548, 7.45786e-11, 1.499e-13, 0.937559, 0, 0
2.51512, 0.910209, 6.20756, 11.2391, 3.81988e-11, 3.81988e-11, 1.05187e-18, 0.948846, 0, 0
4.2229, 15.2456, 139.656, 200.593, 0.000294077, 3.63798e-12, 0.992614, 0.69993, 0, 0
1.73483, 0.786364, 6.46994, 10.3757, 0.149613, 9.31323e-10, 1.05503e-05, 0.73398, 0, 0
1.45663, 0.780623, 12.8769, 14.678, 0.627103, 6.67787e-08, 0.132018, 0.669757, 0, 0
2.67904, 0.58734, 3.07355, 6.96277, 4.8736e-06, 9.09495e-13, 5.98212e-22, 0.996976, 0, 0
1.43971, 0.536107, 4.63032, 8.69519, 1.02584e-07, 2.53208e-05, 1.21657e-06, 1, 0, 0
1.97953, 0.71183, 4.6667, 12.019, 0.348889, 9.09495e-13, 4.69136e-05, 0.993422, 0, 0
1.70372, 0.75548, 7.59237, 11.4791, 7.84157e-07, 7.84157e-07, 1.07857e-05, 0.994779, 0, 0
1.10999, 0.392782, 3.28682, 7.42969, 1, 4.8736e-06, 3.25898e-06, 0.999076, 0, 0
1.57407, 0.339087, 2.69496, 6.70718, 0.000679548, 1.81899e-12, 1.62498e-06, 0.01061, 0, 0
1.83557, 0.704612, 5.20279, 9.88373, 0.027533, 3.81988e-11, 2.51454e-06, 0.983489, 0, 0
2.5695, 3.49282, 108.178, 45.0895, 0.735879, 2.09548e-09, 0.009291, 2.61996e-06, 0, 0
1.78591, 0.473229, 3.79824, 8.75855, 2.43426e-05, 7.27596e-12, 0.99994, 0.949034, 0, 0
1.43294, 0.67944, 6.29444, 9.72944, 0.011508, 7.84157e-07, 5.07945e-05, 0.998179, 0, 0
2.11094, 0.77377, 11.4851, 13.3084, 0.755229, 9.09495e-13, 0.012706, 0.97157, 0, 0
1.86165, 0.706942, 8.08927, 11.7214, 0.324009, 1.45519e-11, 0.000135885, 0.000143784, 0, 0
2.12006, 0.808616, 7.43421, 11.8636, 0.033552, 7.27596e-12, 4.72898e-07, 0.947578, 0, 0
2.51646, 0.995318, 10.677, 13.9588, 0.15386, 1.49339e-09, 3.34642e-07, 0.994135, 0, 0
2.43495, 0.744721, 7.77643, 12.0003, 1.94122e-08, 2.91038e-11, 1, 0.186013, 0, 0
2.38145, 0.457974, 3.31845, 7.40103, 1.42993e-05, 3.63798e-12, 1.368e-09, 0.998824, 0, 0
2.3324, 0.667655, 4.62997, 8.70923, 2.27214e-07, 2.91038e-11, 6.25355e-14, 0.895155, 0, 0
2.92944, 2.38432, 112.801, 44.7089, 0.08069, 0.006427, 0.000142621, 0.31029, 0, 0
9.84713, 21.0114, 655.515, 179.821, 0.002563, 0.098872, 2.55657e-06, 0.604465, 0, 0
2.25755, 0.554725, 1.97385, 6.18016, 1.30851e-07, 2.32831e-10, 2.70263e-13, 0.998091, 0, 0
2.00379, 0.354592, 2.35128, 6.84693, 6.61877e-05, 2.32831e-10, 5.77242e-10, 0.571724, 0, 0
2.86932, 2.86102, 61.7876, 37.3516, 0.000324063, 2.32831e-10, 0.003377, 0.998954, 0, 0
1.63651, 2.30735, 26.4291, 28.2559, 0.48685, 2.32831e-10, 0.001594, 3.43823e-07, 0, 0
1.30513, 0.347017, 2.41516, 6.73217, 0.035082, 7.91624e-09, 5.63963e-05, 0.907101, 0, 0
4.97847, 5.80048, 190.045, 85.2383, 0.042774, 1.86265e-09, 0.043884, 0.256506, 0, 0
2.0447, 1.95279, 13.7634, 26.5128, 0.004551, 2.32831e-10, 0.014595, 0.01898, 0, 0
2.87132, 2.47527, 73.549, 40.8133, 1, 0.005223, 0.043004, 0.131784, 0, 0
1.35935, 0.43291, 2.40816, 6.10811, 0.162756, 2.32831e-10, 3.81048e-09, 0.844773, 0, 0
2.35821, 0.555769, 3.56476, 7.40046, 1.09286e-05, 2.32831e-10, 1.21049e-12, 0.654411, 0, 0
1.70412, 0.535172, 3.79314, 8.38919, 0.728332, 2.32831e-10, 8.93285e-05, 0.938493, 0, 0
2.06207, 2.55071, 25.6937, 33.6181, 0.00087791, 9.31323e-10, 0.002134, 0.386063, 0, 0
2.53814, 0.975731, 26.5775, 22.1149, 0.004551, 1.30851e-07, 1.7384e-08, 0.332842, 0, 0
1.57775, 0.413323, 2.47932, 6.48159, 0.296206, 2.32831e-10, 3.3796e-07, 0.984506, 0, 0
1.77408, 0.486132, 2.64837, 7.66241, 0.728332, 2.32831e-10, 5.65331e-05, 1, 0, 0
1.96859, 0.305677, 1.83552, 6.38065, 0.48685, 2.32831e-10, 9.07561e-09, 0.982046, 0, 0
2.04525, 0.518107, 5.51052, 9.58948, 0.002102, 4.65661e-10, 2.62052e-05, 1.42354e-09, 0, 0
1.86627, 0.637487, 3.3228, 9.13942, 1, 2.32831e-10, 5.32363e-06, 0.950228, 0, 0
2.2979, 0.573435, 4.92394, 9.3948, 0.080143, 2.32831e-10, 3.45394e-06, 0.996961, 0, 0
2.72894, 0.422479, 2.76231, 7.78629, 0.035082, 2.32831e-10, 5.87184e-09, 0.987823, 0, 0
1.91522, 0.632561, 5.54675, 9.70881, 0.098737, 1.86265e-09, 3.88686e-06, 0.998497, 0, 0
1.45179, 0.527315, 3.8349, 8.52546, 0.110184, 1.53668e-08, 0.000217144, 0.028084, 0, 0
1.53714, 0.591473, 5.42383, 9.35504, 0.728332, 2.32831e-10, 0.000309371, 0.996176, 0, 0
1.23246, 1.16805, 9.38842, 18.6528, 0.728332, 7.91624e-09, 0.737893, 0.639832, 0, 0
2.00358, 1.78643, 15.2306, 27.0921, 0.377086, 4.65661e-10, 0.015329, 0.987153, 0, 0
1.63956, 0.501945, 2.88531, 7.42994, 2.53208e-05, 3.81988e-11, 4.89802e-13, 0.978432, 0, 0
1.62683, 0.76857, 3.97097, 10.2213, 3.35316e-07, 1.45519e-10, 1.47045e-12, 0.21271, 0, 0
1.4292, 0.687186, 5.09916, 8.52634, 0.004324, 9.09495e-13, 1.25074e-05, 0.892537, 0, 0
8.61847, 26.7556, 7490.24, 412.807, 0.000112221, 7.83984e-10, 0.810664, 0.893552, 0, 0
5.75385, 16.0804, 147.731, 210.15, 1.08439e-06, 1.45519e-11, 0.891331, 0.998467, 0, 0
3.68804, 5.22789, 57.2462, 55.1029, 6.96017e-05, 1.07684e-09, 9.56791e-11, 0.318687, 0, 0
1.76124, 0.495119, 4.26101, 8.46931, 3.81988e-11, 7.83984e-10, 9.83347e-13, 0.937382, 0, 0
3.57883, 4.13875, 96.0985, 57.3234, 0.010674, 2.98023e-08, 0.010201, 0.997988, 0, 0
2.12827, 0.934033, 5.15787, 9.58448, 5.52973e-10, 1.45519e-11, 8.03074e-14, 0.934237, 0, 0
2.16642, 0.63425, 6.05545, 10.625, 1.04792e-08, 3.81988e-11, 6.61027e-13, 0.805023, 0, 0
2.28964, 0.829372, 12.7972, 14.5946, 3.60887e-08, 2.84126e-09, 9.80143e-08, 0.390405, 0, 0
3.85168, 11.1687, 246.481, 155.42, 0.635828, 1.49339e-09, 0.070227, 0.107003, 0, 0
2.26848, 0.687115, 7.75257, 11.1615, 9.09495e-13, 4.8736e-06, 1, 0.985808, 0, 0
1.81743, 0.596424, 6.38662, 10.0155, 2.53208e-05, 3.81988e-11, 3.17749e-05, 0.953307, 0, 0
1.64414, 0.422824, 2.84133, 6.36421, 1, 9.09495e-13, 1.55806e-11, 0.924526, 0, 0
1.82822, 0.742134, 8.26582, 11.1751, 0.755229, 9.09495e-13, 5.56853e-07, 0.909514, 0, 0
3.39889, 3.05939, 73.7262, 51.0813, 0.006427, 1.85702e-07, 0.938546, 0.096395, 0, 0
1.72907, 1.06538, 12.8416, 14.722, 0.117275, 1.04792e-08, 0.054717, 0.641887, 0, 0
1.94253, 0.601777, 4.17413, 8.51367, 0.000112221, 9.09495e-13, 3.30489e-11, 0.991429, 0, 0
2.13395, 0.800129, 10.7395, 17.5654, 0.255875, 2.83762e-10, 0.039795, 1, 0, 0
3.29388, 3.3588, 69.9906, 43.9793, 0.011508, 1.04792e-08, 1.86928e-06, 0.032619, 0, 0
2.42948, 0.486853, 2.73672, 7.00361, 0.627103, 7.27596e-12, 6.03851e-13, 0.922389, 0, 0
2.23439, 2.1521, 14.8904, 30.6438, 0.013853, 7.27596e-12, 4.44374e-09, 0.43384, 0, 0
3.54461, 6.41597, 258.59, 94.1461, 1, 2.84126e-09, 0.31647, 0.185741, 0, 0
2.71107, 0.546295, 3.4029, 8.30092, 1.45519e-10, 3.63798e-12, 5.20449e-13, 0.099895, 0, 0
1.51182, 0.39106, 3.65526, 7.7386, 0.000471987, 7.27596e-12, 5.96349e-06, 0.90607, 0, 0
2.477, 0.693469, 3.76895, 7.7824, 2.91038e-11, 2.91038e-11, 4.27752e-15, 0.995351, 0, 0
1.63711, 0.500239, 4.08436, 8.2798, 0.108129, 3.63798e-12, 1.25879e-06, 0.000402608, 0, 0
1.58778, 0.752101, 7.21614, 10.2457, 0.143307, 7.27596e-12, 0.000477663, 1.29738e-10, 0, 0
3.088, 2.4097, 87.8131, 48.0286, 0.013853, 2.43426e-05, 0.025431, 0.999079, 0, 0
2.08927, 2.13639, 36.1897, 28.2817, 7.42753e-06, 1.45519e-11, 0.01237, 0.996284, 0, 0
1.83421, 0.791561, 10.5577, 13.0658, 0.005098, 2.83762e-10, 0.140915, 0.663853, 0, 0
4.61877, 10.8663, 414.909, 148.688, 7.42753e-06, 5.52973e-10, 0.176964, 0.998973, 0, 0
2.75, 2.96209, 81.2575, 42.5534, 0.344928, 2.16067e-07, 0.00158, 0.965196, 0, 0
1.73663, 0.587807, 4.72717, 11.0369, 0.635828, 1.81899e-12, 0.200724, 0.958465, 0, 0
2.15293, 0.539903, 5.26558, 9.73331, 0.000679548, 1.81899e-12, 2.86559e-05, 0.996603, 0, 0
17.4477, 32.3865, 514.193, 186.978, 0.199591, 0.003378, 1, 0.487527, 0, 0
2.45051, 0.525641, 2.81264, 7.66146, 0.023703, 3.63798e-12, 3.07992e-12, 0.982856, 0, 0
2.18686, 1.51964, 34.2191, 28.0972, 0.607591, 7.66013e-07, 0.007624, 0.285659, 0, 0
5.35335, 18.8326, 106.474, 249.41, 0.635828, 1.81899e-12, 0.949374, 0.998261, 0, 0
8.37547, 35.0564, 4596.45, 480.652, 0.108129, 1.45519e-10, 0.999024, 0.992144, 0, 0
2.34559, 0.772751, 7.31627, 11.9418, 0.038477, 1.81899e-12, 1.9546e-05, 0.993366, 0, 0
2.67481, 0.708216, 8.45714, 14.0567, 1, 1.81899e-12, 0.005715, 0.942801, 0, 0
2.39183, 0.821004, 10.9834, 16.4141, 0.001193, 2.91038e-11, 1.25922e-06, 0.998885, 0, 0
1.55872, 0.452206, 4.14368, 7.96207, 0.009475, 1.45519e-10, 5.64792e-06, 0.923682, 0, 0
10.7833, 52.0715, 358.611, 678.165, 0.268187, 7.45786e-11, 0.999996, 0.999058, 0, 0
1.53577, 0.417878, 1.84906, 5.76776, 0.117275, 9.09495e-13, 1.58249e-08, 0.527054, 0, 0
1.87335, 0.896793, 8.36671, 12.7519, 0.011508, 1.02584e-07, 2.95333e-08, 0.992091, 0, 0
2.32532, 1.58611, 23.974, 28.5934, 0.874629, 7.45786e-11, 0.001765, 0.998467, 0, 0
1.46433, 0.402974, 2.91398, 7.11207, 2.53208e-05, 9.09495e-13, 5.20167e-08, 0.940065, 0, 0
3.05724, 3.56594, 162.082, 60.7334, 0.002221, 1.9465e-08, 0.091493, 0.001945, 0, 0
1.88225, 0.594464, 8.46518, 11.7168, 0.532709, 3.81988e-11, 2.74268e-07, 0.995998, 0, 0
3.31262, 12.2678, 161.182, 155.454, 0.617719, 1.07684e-09, 1.1433e-06, 0.998772, 0, 0
8.31282, 16.9757, 2734.14, 260.517, 0.864166, 0.057613, 0.921466, 1.16214e-09, 0, 0
1.20519, 0.743888, 7.2291, 11.1712, 0.108129, 0.001065, 0.013573, 0.899918, 0, 0
1.56763, 0.464673, 3.54111, 7.86949, 0.059584, 3.81988e-11, 6.18244e-10, 0.190653, 0, 0
1.37742, 0.379851, 2.0858, 6.49669, 2.46335e-07, 2.46335e-07, 4.96501e-07, 0.97498, 0, 0
1.65976, 0.783909, 5.59101, 11.2331, 0.061428, 0.000103716, 1.34624e-07, 0.981291, 0, 0
4.96063, 18.6524, 77.9968, 220.155, 0.003327, 0.000192195, 1.70862e-10, 0.072578, 0, 0
1.46473, 0.343459, 2.33092, 7.05063, 0.011508, 9.09495e-13, 4.81054e-05, 0.985298, 0, 0
1.44076, 0.579625, 6.16455, 9.89379, 0.864166, 4.07454e-09, 0.000466402, 0.736101, 0, 0
1.67747, 0.499958, 3.79325, 7.62263, 0.016589, 1.81899e-12, 6.6171e-09, 0.994967, 0, 0
1.16546, 0.40258, 3.03159, 7.39301, 1, 1.9465e-08, 0.282671, 0.744717, 0, 0
1.61515, 0.862526, 7.66543, 11.9284, 0.098737, 8.67993e-07, 0.026459, 0.622849, 0, 0
1.8277, 0.940148, 8.16399, 13.7261, 0.04096, 5.82077e-11, 0.000491965, 0.875497, 0, 0
8.36426, 37.5286, 539.126, 449.227, 0.48685, 6.61877e-05, 1, 0.937811, 0, 0
2.40672, 1.93028, 44.2522, 32.7751, 1, 7.83984e-10, 1.76882e-12, 0.499964, 0, 0
2.82668, 2.3538, 23.6217, 33.7221, 0.013853, 7.27596e-12, 0.038682, 0.998786, 0, 0
1.95171, 0.810652, 6.58292, 10.3424, 6.61877e-05, 7.91624e-09, 7.09153e-09, 0.993446, 0, 0
7.28151, 31.6731, 385.679, 368.708, 0.7201, 0.000192195, 1, 0.098396, 0, 0
1.76982, 0.53316, 4.08295, 7.73648, 0.864166, 1.16415e-10, 7.69123e-08, 0.797247, 0, 0
5.05383, 17.8538, 201.564, 206.238, 0.000324914, 5.94761e-05, 6.86594e-07, 0.951353, 0, 0
2.14799, 0.76258, 8.82037, 15.1581, 0.117275, 7.83984e-10, 5.14234e-05, 0.998746, 0, 0
1.70545, 0.386562, 3.02723, 7.35039, 0.532709, 9.09495e-13, 2.19343e-06, 0.956857, 0, 0
2.82517, 1.87638, 21.7152, 27.5872, 0.117275, 9.09495e-13, 1.30002e-14, 0.998247, 0, 0
1.75026, 0.574169, 5.85172, 9.41669, 0.532709, 9.09495e-13, 9.36417e-07, 0.976938, 0, 0
2.00043, 1.10219, 27.3403, 21.935, 0.00145, 7.83984e-10, 0.005359, 1, 0, 0
1.77291, 0.62453, 5.67854, 9.62238, 0.011508, 9.09495e-13, 4.67583e-07, 0.998097, 0, 0
1.23421, 0.640927, 3.15818, 7.28434, 0.532709, 9.09495e-13, 4.6256e-07, 0.976481, 0, 0
4.01394, 14.3506, 218.203, 193.796, 0.874629, 4.2277e-05, 9.19322e-08, 0.997598, 0, 0
1.06125, 0.673031, 5.00155, 9.46193, 0.175465, 2.09548e-09, 0.987362, 0.000472284, 0, 0
1.25832, 0.30152, 4.09028, 7.997, 0.867939, 1.94158e-06, 4.3422e-05, 0.771686, 0, 0
1.12686, 0.360093, 2.86811, 6.63466, 0.874629, 1.81899e-12, 6.17022e-06, 0.222828, 0, 0
2.45926, 0.729844, 4.74622, 9.08073, 0.864166, 1.16415e-10, 6.97451e-09, 0.046561, 0, 0
1.41922, 1.06949, 8.75887, 12.3254, 0.635828, 1.81899e-12, 0.001472, 0.917086, 0, 0
1.60337, 0.425936, 3.91407, 9.13342, 0.15386, 1.81899e-12, 0.004987, 0.663427, 0, 0
6.99016, 20.9135, 196.583, 199.491, 1.08439e-06, 1.23313e-07, 1, 0.989953, 0, 0
3.5804, 5.44535, 325.698, 84.2718, 0.029449, 0.010674, 0.001044, 0.726233, 0, 0
4.71658, 17.9266, 142.823, 234.742, 0.072951, 6.03854e-07, 7.06636e-16, 0.451566, 0, 0
1.11924, 0.477853, 2.93216, 6.81087, 0.336784, 3.63798e-12, 0.000646192, 0.837513, 0, 0
5.98213, 19.9414, 168.877, 216.771, 0.043285, 0.014633, 8.66518e-06, 0.013555, 0, 0
1.9096, 1.85956, 21.4, 32.6126, 0.002563, 5.52973e-10, 0.002906, 1, 0, 0
0.93976, 0.535374, 2.90685, 7.18199, 0.059584, 3.81988e-11, 0.006241, 0.903308, 0, 0
1.98037, 0.66501, 12.115, 13.7189, 0.011508, 7.83984e-10, 0.003396, 0.951295, 0, 0
0.813412, 0.527198, 2.74496, 6.81386, 0.211024, 9.09495e-13, 0.075758, 0.992034, 0, 0
1.52497, 0.631604, 9.80338, 12.2481, 0.348889, 3.81988e-11, 0.050088, 0.993265, 0, 0
1.40199, 0.808724, 7.7888, 11.0715, 0.027533, 9.09495e-13, 0.021551, 0.828253, 0, 0
1.36956, 0.583397, 3.55182, 8.71542, 1.94122e-08, 1.94122e-08, 1, 0.999081, 0, 0
12.4702, 56.0444, 510.775, 635.375, 0.200488, 8.43033e-06, 7.72619e-16, 4.87297e-05, 0, 0
2.19118, 1.21408, 13.9104, 16.051, 0.013853, 6.67787e-08, 8.05868e-09, 0.988227, 0, 0
6.21285, 17.5909, 291.749, 245.821, 1, 1.81899e-12, 0.845236, 0.920278, 0, 0
1.85532, 0.617266, 7.13202, 10.2696, 0.264931, 1.11759e-07, 1.59981e-05, 0.015493, 0, 0
5.35595, 15.5961, 155.73, 211.946, 3.60887e-08, 3.60887e-08, 8.22203e-18, 0.679092, 0, 0
4.58347, 9.76434, 713.772, 139.458, 3.60887e-08, 0.009475, 0.001022, 0.831001, 0, 0
2.79042, 0.566586, 7.43855, 10.9539, 1, 9.09495e-13, 2.34586e-12, 0.984376, 0, 0
8.90501, 39.7545, 671.44, 497.605, 6.96017e-05, 2.27214e-07, 2.61159e-16, 0.353895, 0, 0
7.6107, 14.5134, 719.358, 132.494, 0.162756, 2.32831e-10, 4.31065e-10, 5.32262e-06, 0, 0
2.86286, 3.4218, 107.793, 50.9309, 0.050102, 0.000113074, 0.096672, 1, 0, 0
3.68319, 7.55063, 516.934, 116.883, 0.08069, 0.000182166, 2.73734e-07, 0.230639, 0, 0
1.67683, 0.794836, 5.40125, 9.2321, 0.011508, 9.09495e-13, 7.58853e-08, 0.998958, 0, 0
1.86281, 0.442317, 6.23578, 9.98126, 0.00145, 9.09495e-13, 3.92808e-05, 0.999056, 0, 0
2.22466, 0.77723, 6.02461, 10.3511, 9.09495e-13, 9.09495e-13, 3.68593e-13, 0.783669, 0, 0
1.80637, 0.559239, 4.53383, 8.48318, 0.00145, 9.09495e-13, 6.77479e-07, 0.994699, 0, 0
2.69928, 0.726326, 6.25346, 10.5918, 1.9465e-08, 1.81899e-12, 9.90379e-09, 0.387734, 0, 0
40.141, 82.5505, 796.797, 452.102, 0.532709, 9.09495e-13, 1, 0.570225, 0, 0
1.99582, 0.442552, 4.64548, 8.77653, 2.42991e-06, 1.45519e-10, 1.4897e-08, 0.000178077, 0, 0
2.83483, 0.57486, 6.28405, 11.4309, 2.23615e-05, 5.82077e-11, 2.07806e-10, 0.992185, 0, 0
4.61363, 8.79466, 93.8562, 129.61, 0.059584, 3.81988e-11, 0.000191213, 0.402888, 0, 0
2.52745, 0.803639, 13.2136, 16.4156, 2.53208e-05, 9.09495e-13, 0.997508, 0.967421, 0, 0
2.64734, 0.514365, 6.47082, 11.0985, 0.000112221, 9.09495e-13, 1.16166e-10, 0.989751, 0, 0
4.98814, 7.0579, 341.42, 129.244, 0.005098, 2.43426e-05, 2.18621e-07, 0.858209, 0, 0
3.10165, 0.952688, 15.8957, 18.0087, 7.84157e-07, 9.09495e-13, 0.999927, 0.998725, 0, 0
12.9199, 23.6478, 1449.58, 199.887, 0.02412, 1.62423e-06, 2.11756e-05, 0.153243, 0, 0
3.15059, 0.57102, 9.93886, 13.9181, 3.63798e-12, 2.42991e-06, 0.000186316, 0.582044, 0, 0
3.39261, 0.597057, 6.46598, 11.0414, 0.00145, 9.09495e-13, 1.75853e-12, 0.962886, 0, 0
3.96861, 8.64915, 313.972, 133.275, 0.336784, 2.84126e-09, 0.010488, 0.727074, 0, 0
1.46881, 0.423651, 4.56538, 7.97829, 0.532709, 1.04792e-08, 0.000117985, 0.969836, 0, 0
1.51373, 0.597304, 9.05398, 11.4765, 0.755229, 1.04792e-08, 0.00329, 0.87435, 0, 0
7.139, 33.402, 314.173, 434.831, 1.49339e-09, 1.9465e-08, 1.03733e-14, 0.594448, 0, 0
6.60682, 26.7242, 1201.85, 345.027, 0.000191076, 1.08439e-06, 1.05616e-05, 0.997907, 0, 0
10.6788, 26.6918, 4963.72, 333.879, 1.42993e-05, 3.35316e-07, 3.79341e-06, 0.016458, 0, 0
2.3489, 0.686386, 3.97569, 8.70648, 4.25596e-06, 7.27596e-12, 1.80606e-09, 0.995379, 0, 0
2.01309, 0.4788, 3.57038, 7.59689, 0.755229, 9.09495e-13, 7.36894e-12, 0.98603, 0, 0
75.7904, 163.658, 6090.01, 908.715, 0.405032, 0.000312551, 2.99517e-23, 0.575258, 0, 0
1.00945, 0.424818, 5.18743, 9.36517, 4.2277e-05, 1.49339e-09, 0.999839, 0.897534, 0, 0
1.21538, 0.533556, 3.65507, 8.29032, 0.001193, 2.91038e-11, 0.999646, 0.869474, 0, 0
45.4708, 79.4325, 1565.88, 413.912, 9.09495e-13, 9.09495e-13, 1.30721e-29, 0.417877, 0, 0
1.76332, 0.521945, 5.61589, 10.0974, 0.004324, 9.09495e-13, 1.44972e-06, 0.934251, 0, 0
2.59066, 2.69309, 70.0657, 35.4112, 0.15386, 1.81899e-12, 3.42584e-06, 0.002334, 0, 0
1.59998, 0.753558, 9.39517, 13.0719, 0.000116167, 6.67787e-08, 0.000282373, 0.992921, 0, 0
41.3136, 58.9356, 10348.1, 468.576, 9.09495e-13, 2.53208e-05, 0.000340304, 0.557726, 0, 0
35.721, 55.1327, 16187.1, 569.385, 0.038477, 1.38261e-06, 0.000322684, 0.770735, 0, 0
6.78651, 28.2806, 174.89, 350.336, 1.94122e-08, 2.91038e-11, 1, 0.978848, 0, 0
1.98148, 0.391297, 1.94416, 5.51319, 1.42993e-05, 3.63798e-12, 1.54017e-13, 0.986757, 0, 0
1.88026, 0.50314, 6.42234, 11.1028, 5.39876e-09, 6.67787e-08, 2.09862e-13, 0.939838, 0, 0
2.16758, 0.47077, 8.80495, 13.1054, 0.013853, 2.83762e-10, 6.36851e-06, 0.906034, 0, 0
1.7023, 0.523255, 5.7581, 10.6928, 2.27214e-07, 1.29135e-05, 3.23205e-06, 1, 0, 0
4.28515, 12.0279, 414.493, 174.756, 8.36459e-06, 1.38261e-06, 0.998542, 0.805093, 0, 0
2.25982, 1.45473, 14.7597, 15.3601, 0.011508, 9.09495e-13, 7.4175e-11, 0.855527, 0, 0
2.59562, 0.744791, 7.99722, 11.7076, 1, 5.82077e-11, 1.03576e-08, 0.893312, 0, 0
5.49814, 14.0366, 778.275, 162.255, 0.001658, 2.43426e-05, 3.0491e-08, 0.969949, 0, 0
5.00346, 5.46079, 56.423, 39.3811, 0.059584, 9.09495e-13, 4.96074e-06, 1, 0, 0
6.7701, 25.4816, 239.165, 317.255, 0.405032, 2.91038e-11, 5.81261e-08, 1, 0, 0
2.60538, 0.822208, 8, 13.7071, 6.96017e-05, 1.94122e-08, 1.79656e-11, 0.993973, 0, 0
10.9293, 34.6751, 12987.7, 531.332, 8.36459e-06, 1.49339e-09, 0.004009, 0.452957, 0, 0
2.27549, 0.891258, 7.36834, 12.0315, 7.02548e-05, 1.45519e-10, 9.22796e-10, 0.985403, 0, 0
2.40523, 0.71224, 5.28696, 10.1649, 0.047031, 1.45519e-11, 1.44373e-10, 0.904483, 0, 0
2.5749, 2.21594, 51.4702, 35.5507, 0.108129, 2.84126e-09, 0.000696328, 0.553171, 0, 0
1.51461, 0.607453, 8.5304, 13.5997, 0.001878, 2.23615e-05, 3.43561e-09, 0.612712, 0, 0
1.65399, 0.58459, 10.6753, 14.5004, 0.020074, 7.42753e-06, 1.81722e-05, 0.941617, 0, 0
1.61555, 0.716061, 3.19561, 7.47668, 7.84157e-07, 9.09495e-13, 1.50793e-10, 0.66698, 0, 0
2.03803, 0.685186, 6.72365, 10.5338, 3.35316e-07, 1.45519e-10, 2.53476e-10, 0.998395, 0, 0
1.93285, 0.474791, 3.37294, 8.08629, 0.004324, 9.09495e-13, 1.97747e-08, 0.998542, 0, 0
1.7202, 0.544274, 2.75629, 6.87513, 2.53208e-05, 9.09495e-13, 3.74238e-10, 0.992581, 0, 0
1.60364, 0.392701, 2.53783, 7.33643, 0.000112221, 9.09495e-13, 1.01814e-08, 0.995004, 0, 0
2.58495, 0.779477, 6.95637, 11.4253, 0.000294077, 1.45519e-10, 1.83471e-14, 0.98742, 0, 0
2.64197, 0.863278, 8.13626, 12.2985, 0.635828, 1.81899e-12, 2.90728e-09, 0.996005, 0, 0
2.33455, 0.935519, 10.689, 13.2437, 0.874629, 1.81899e-12, 2.99869e-06, 0.961654, 0, 0
2.6641, 0.914861, 11.9807, 14.9849, 0.187742, 1.08439e-06, 1.24005e-11, 0.98298, 0, 0
53.6397, 81.4693, 9898.03, 480.71, 0.053252, 3.60887e-08, 1, 0.386309, 0, 0
2.00874, 1.24775, 9.95817, 14.0566, 0.324009, 1.45519e-11, 1.40329e-09, 0.901888, 0, 0
8.41482, 21.0771, 1054.68, 230.527, 0.00087791, 4.64916e-06, 0.968334, 1, 0, 0
5.73322, 11.111, 670.056, 165.336, 0.627103, 6.67787e-08, 0.000517811, 0.815231, 0, 0
5.68685, 11.9129, 321.679, 156.982, 0.005098, 4.25596e-06, 0.781975, 0.003643, 0, 0
3.06736, 1.98109, 64.8108, 37.1334, 0.855536, 0.000324914, 0.003507, 1, 0, 0
2.80126, 0.885654, 12.1525, 15.5572, 0.405032, 2.27214e-07, 2.33058e-06, 0.958203, 0, 0
2.03073, 0.943312, 7.98453, 11.6268, 0.7201, 9.31323e-10, 1.08498e-07, 0.922681, 0, 0
2.09503, 1.39889, 10.5801, 14.5053, 1, 2.91038e-11, 4.00622e-08, 0.723586, 0, 0
3.50238, 1.25294, 10.7699, 14.6134, 0.296206, 7.91624e-09, 1.71965e-13, 0.948862, 0, 0
6.50308, 20.7524, 989.573, 295.185, 0.072951, 4.25596e-06, 0.999964, 0.48502, 0, 0
1.91221, 0.581432, 8.07077, 12.3249, 0.268187, 1.49339e-09, 3.04783e-07, 0.963891, 0, 0
1.8774, 0.562203, 4.75022, 9.08062, 0.016589, 1.81899e-12, 1.34773e-06, 0.960955, 0, 0
2.29061, 0.555175, 3.46737, 7.47093, 0.000679548, 1.81899e-12, 1.88237e-13, 0.990965, 0, 0
2.61453, 0.778118, 9.74946, 15.5566, 0.635828, 1.81899e-12, 0.001783, 0.996593, 0, 0
1.91221, 0.599418, 3.53967, 7.09424, 1.49339e-09, 1.81899e-12, 1.74658e-11, 0.990372, 0, 0
1.96802, 0.553766, 5.93348, 10.1748, 0.000112221, 9.09495e-13, 8.1057e-07, 0.959154, 0, 0
2.11963, 0.554661, 5.08855, 9.16484, 0.522397, 3.63798e-12, 4.34713e-09, 0.286001, 0, 0
2.13233, 0.587684, 6.42934, 11.0655, 0.059584, 7.83984e-10, 0.000224691, 0.978493, 0, 0
1.78662, 0.833347, 7.33134, 10.9843, 0.001658, 2.83762e-10, 1.51778e-06, 0.874787, 0, 0
1.48719, 0.737992, 6.7284, 11.5591, 0.027533, 9.09495e-13, 0.13686, 0.974906, 0, 0
3.90194, 2.94658, 150.271, 52.872, 0.532709, 4.8736e-06, 1.54998e-05, 0.873429, 0, 0
1.59172, 0.633191, 6.53449, 10.5345, 0.001065, 3.63798e-12, 0.003808, 0.815709, 0, 0
6.5033, 18.9821, 1424.24, 272.66, 0.011508, 4.8736e-06, 0.001499, 0.064095, 0, 0
2.42482, 0.600919, 5.97602, 9.33574, 0.027533, 9.09495e-13, 2.11526e-09, 0.972886, 0, 0
2.41101, 0.575063, 3.85822, 7.64738, 0.627103, 7.27596e-12, 1.23568e-13, 0.977227, 0, 0
1.555, 0.69093, 9.97936, 13.077, 0.117275, 7.83984e-10, 0.000264401, 0.997837, 0, 0
2.03332, 0.398136, 2.45585, 7.58085, 1.04792e-08, 9.09495e-13, 2.74827e-13, 0.849589, 0, 0
4.41255, 9.28042, 776.333, 157.949, 0.874629, 7.45786e-11, 0.00232, 0.214953, 0, 0
1.89746, 0.394352, 5.20192, 9.15118, 0.000430857, 9.09495e-13, 2.33234e-07, 0.986491, 0, 0
1.43171, 0.728476, 8.24594, 11.6801, 0.027533, 7.84157e-07, 0.009384, 0.981474, 0, 0
1.20176, 0.417225, 3.58968, 7.68824, 0.004324, 9.09495e-13, 0.000471123, 2.41233e-06, 0, 0
1.42377, 0.934691, 12.468, 16.0638, 0.255875, 0.001658, 0.048937, 0.418663, 0, 0
11.0981, 24.2612, 1752.07, 242.935, 0.001065, 3.60887e-08, 5.56628e-06, 0.026941, 0, 0
3.21401, 10.6163, 109.758, 143.694, 8.36459e-06, 1.38261e-06, 0.000360205, 0.161919, 0, 0
3.27961, 10.6865, 249.8, 143.872, 0.108129, 0.003378, 0.000664678, 5.01405e-08, 0, 0
4.85418, 18.9364, 291.541, 250.389, 1.38261e-06, 1.85702e-07, 0.999014, 0.293615, 0, 0
1.81814, 0.863973, 15.1566, 16.1593, 0.001065, 0.023703, 0.986227, 0.459348, 0, 0
1.24493, 0.504688, 5.52728, 10.7328, 0.627103, 6.03854e-07, 2.75251e-06, 0.717081, 0, 0
4.95231, 13.817, 268.491, 183.624, 0.255875, 6.03854e-07, 8.74352e-05, 0.176515, 0, 0
2.56937, 0.656562, 17.1911, 16.9462, 0.004324, 3.81988e-11, 1.3584e-08, 0.063429, 0, 0
2.80567, 0.845241, 10.7879, 13.2266, 0.755229, 9.09495e-13, 1.44914e-08, 0.529521, 0, 0
1.62894, 0.526674, 9.87988, 12.0581, 0.635828, 1.38261e-06, 0.028955, 0.994909, 0, 0
2.08618, 1.09425, 20.4199, 17.8323, 0.874629, 4.2277e-05, 0.016411, 0.006175, 0, 0
2.21511, 0.788297, 11.5775, 16.5273, 0.417692, 0.000116167, 4.09197e-08, 0.553837, 0, 0
2.09085, 1.18104, 17.1222, 17.0401, 0.000679548, 1.81899e-12, 0.073637, 0.927968, 0, 0
11.7719, 27.8226, 1137.82, 225.52, 1, 0.006427, 1, 3.11091e-13, 0, 0
8.10253, 27.2482, 724.784, 266.243, 0.038477, 1.85702e-07, 6.71745e-17, 1, 0, 0
3.34883, 3.1032, 160.908, 49.9367, 0.749259, 0.001065, 0.02906, 0.123817, 0, 0
2.35793, 0.708913, 15.037, 18.3937, 1, 7.02548e-05, 7.85929e-06, 0.660597, 0, 0
2.14758, 1.41557, 22.8755, 22.0319, 0.429591, 1.9465e-08, 0.015282, 0.716499, 0, 0
1.57925, 1.02623, 12.5789, 15.2786, 0.108129, 0.108129, 0.9745, 0.451409, 0, 0
1.97744, 0.533346, 4.43808, 9.14377, 0.000430857, 9.09495e-13, 1.29647e-12, 0.681918, 0, 0
2.83916, 3.7069, 55.782, 59.4629, 0.268187, 7.45786e-11, 0.000185412, 0.887659, 0, 0
1.06508, 0.541693, 5.06844, 8.8722, 4.25596e-06, 6.03854e-07, 0.962771, 0.930724, 0, 0
1.90335, 0.567773, 7.27897, 12.7825, 0.089531, 2.09548e-09, 2.47671e-07, 0.607471, 0, 0
1.57984, 0.336703, 4.10801, 9.17928, 0.08069, 1.49339e-09, 0.000298362, 0.530642, 0, 0
2.16002, 0.996196, 22.65, 19.2734, 0.027533, 0.000112221, 0.069195, 0.194893, 0, 0
3.41028, 10.6672, 238.475, 138.625, 0.49956, 0.00050826, 0.001212, 0.95373, 0, 0
1.92783, 0.492875, 5.11013, 10.8003, 1, 9.09495e-13, 0.000415767, 0.771979, 0, 0
1.67809, 1.11921, 15.3899, 21.4795, 0.749259, 7.02548e-05, 9.48986e-05, 0.89972, 0, 0
1.43198, 0.584565, 6.66059, 10.6879, 0.059584, 9.09495e-13, 0.0013, 0.997506, 0, 0
1.72867, 0.48339, 4.57952, 8.83413, 2.38419e-07, 6.60419e-05, 0.000631191, 0.691222, 0, 0
1.12188, 0.4742, 2.89741, 7.60635, 0.742829, 1.45519e-11, 0.025674, 0.995499, 0, 0
1.36346, 0.432283, 8.04962, 11.1095, 0.627103, 4.25596e-06, 5.02569e-06, 0.482905, 0, 0
1.18651, 0.651947, 7.63943, 12.9045, 0.229481, 0.024307, 0.000196686, 0.864851, 0, 0
2.08645, 1.21719, 7.80534, 14.1894, 0.405032, 2.91038e-11, 0.000739777, 0.71925, 0, 0
1.84453, 0.556979, 4.50815, 8.99156, 0.15386, 1.81899e-12, 1.68263e-06, 3.63288e-05, 0, 0
2.03893, 0.739796, 8.23086, 11.3709, 1, 3.81988e-11, 8.19724e-07, 0.997769, 0, 0
2.50858, 0.759683, 5.51316, 8.86375, 0.532709, 9.09495e-13, 6.4175e-12, 0.922292, 0, 0
2.87398, 2.70149, 83.7974, 47.0915, 0.417692, 2.43426e-05, 0.994594, 0.006339, 0, 0
1.62981, 0.546609, 4.30204, 9.63433, 0.08069, 1.81899e-12, 0.000225589, 0.551672, 0, 0
1.27376, 0.493635, 3.84881, 8.24459, 0.348889, 3.81988e-11, 8.19369e-06, 0.998975, 0, 0
2.14996, 1.17097, 15.7771, 18.2931, 0.108129, 3.63798e-12, 0.15498, 0.956751, 0, 0
2.43964, 1.13667, 15.7616, 16.1421, 0.004324, 1.04792e-08, 1.53901e-08, 0.943008, 0, 0
1.67119, 0.68117, 6.40902, 10.7742, 0.348889, 9.09495e-13, 1.1499e-06, 0.941027, 0, 0
1.708, 0.590557, 6.58795, 13.4197, 0.000752897, 5.52973e-10, 9.59462e-07, 0.819353, 0, 0
2.1626, 2.17712, 36.5091, 32.1989, 0.009475, 7.02548e-05, 0.001238, 0.073762, 0, 0
2.05934, 2.50882, 25.4943, 29.8397, 1, 1.04792e-08, 8.62612e-05, 0.154096, 0, 0
5.88368, 17.113, 1079.81, 189.42, 0.023703, 2.84126e-09, 1.28163e-15, 0.995564, 0, 0
1.51267, 0.358394, 2.60228, 6.62052, 0.005098, 7.27596e-12, 9.05791e-08, 0.841958, 0, 0
2.30686, 1.18426, 20.3615, 18.9533, 0.000430857, 9.09495e-13, 2.3769e-05, 0.873436, 0, 0
1.42486, 1.61132, 19.7201, 21.5754, 4.2277e-05, 8.36459e-06, 0.998741, 2.01615e-06, 0, 0
2.84112, 8.60177, 65.6886, 111.204, 2.27214e-07, 0.000312551, 0.000826807, 0.993695, 0, 0
1.873, 0.459977, 4.00719, 8.09877, 0.023703, 3.63798e-12, 1.62503e-07, 0.991134, 0, 0
1.4301, 1.25042, 6.75197, 15.4693, 0.020074, 5.52973e-10, 0.022995, 0.61903, 0, 0
1.91603, 2.29449, 37.6065, 39.668, 0.755229, 7.84157e-07, 0.004181, 0.999001, 0, 0
31.5323, 51.8284, 4075.46, 325.169, 1, 0.027533, 1.22817e-16, 0.539495, 0, 0
3.46105, 8.46432, 113.852, 107.503, 0.050102, 2.55601e-06, 0.99486, 8.77502e-27, 0, 0
2.88492, 1.88399, 56.1153, 35.8246, 6.67787e-08, 5.39876e-09, 2.58233e-08, 0.998534, 0, 0
3.07255, 9.10948, 107.335, 120.449, 6.67787e-08, 0.000471987, 0.980779, 1, 0, 0
2.56254, 0.546997, 10.8714, 12.9768, 0.49956, 3.6729e-08, 1.3489e-08, 0.353884, 0, 0
2.02681, 0.608006, 6.53328, 11.5848, 0.00145, 9.09495e-13, 2.98383e-05, 0.977768, 0, 0
1.31704, 0.547352, 4.39302, 8.52018, 0.532709, 9.09495e-13, 0.00016666, 0.997774, 0, 0
2.01962, 0.604126, 5.14219, 11.2234, 0.117275, 9.09495e-13, 0.000174291, 0.986696, 0, 0
2.05407, 0.504855, 7.54714, 10.7567, 0.006427, 1.85702e-07, 3.06737e-06, 0.337889, 0, 0
1.93778, 0.635243, 6.3326, 9.83558, 1, 3.81988e-11, 1.29463e-09, 0.964316, 0, 0
3.72067, 0.871986, 12.7062, 15.4094, 0.000112221, 3.81988e-11, 7.01191e-14, 0.750842, 0, 0
2.14398, 0.614979, 6.36479, 10.2013, 0.211024, 3.81988e-11, 3.47707e-12, 0.980374, 0, 0
2.68909, 0.681808, 8.25341, 11.2091, 0.117275, 9.09495e-13, 7.90675e-08, 0.998775, 0, 0
2.16921, 2.18464, 20.7133, 34.2533, 0.072951, 7.27596e-12, 0.005644, 0.001077, 0, 0
10.3675, 21.7032, 4197.14, 269.301, 0.49956, 4.17698e-07, 0.051004, 0.998765, 0, 0
1.94215, 0.484692, 4.90079, 8.80031, 0.532709, 9.09495e-13, 1.03632e-06, 0.997074, 0, 0
5.43961, 15.7965, 827.37, 226.624, 5.39876e-09, 4.25596e-06, 0.074574, 0.990144, 0, 0
2.07629, 0.748293, 6.24495, 10.3768, 0.000112221, 7.83984e-10, 1.99187e-10, 0.997435, 0, 0
3.15076, 2.22035, 84.8313, 48.0695, 0.023703, 1.42993e-05, 0.002614, 0.296134, 0, 0
2.79069, 0.684206, 5.66524, 9.39938, 0.215327, 4.65661e-10, 6.73742e-12, 0.405152, 0, 0
2.60276, 0.5525, 4.00466, 8.3035, 0.324009, 1.45519e-11, 2.33638e-09, 0.953654, 0, 0
1.86739, 0.658347, 3.5215, 7.85857, 0.072951, 7.27596e-12, 2.21458e-09, 0.411605, 0, 0
3.07068, 2.33423, 76.8734, 42.4504, 6.96017e-05, 2.27214e-07, 0.002541, 0.326244, 0, 0
1.41291, 0.190956, 0.457018, 5.22889, 1, 7.27596e-12, 4.00206e-07, 0.95098, 0, 0
7.11491, 20.6773, 1305.16, 288.877, 0.011508, 7.84157e-07, 2.11189e-08, 0.972446, 0, 0
2.01703, 0.842561, 8.22717, 11.1259, 1.52364e-05, 1.11759e-07, 6.96262e-05, 0.001818, 0, 0
1.79001, 0.984801, 5.22634, 10.6136, 2.53208e-05, 9.09495e-13, 2.13084e-09, 0.83278, 0, 0
1.86523, 0.714021, 8.41945, 13.213, 1.94158e-06, 0.000312551, 3.94838e-10, 0.94368, 0, 0
1.72136, 0.739127, 7.57586, 13.4094, 0.020062, 0.000113074, 6.32632e-10, 0.909263, 0, 0
2.45953, 1.41462, 24.196, 21.1703, 6.61877e-05, 2.32831e-10, 0.000184929, 0.114828, 0, 0
9.36612, 32.0536, 236.224, 323.247, 5.72205e-06, 5.72205e-06, 0.00468, 0.98036, 0, 0
2.1331, 1.13357, 9.15754, 14.1134, 6.93835e-08, 1.16415e-10, 1.97016e-10, 0.843099, 0, 0
10.5267, 16.649, 3246.17, 264.028, 0.070756, 0.149613, 0.993317, 0.544832, 0, 0
9.09528, 41.7136, 229.691, 496.099, 0.296206, 1.30851e-07, 1, 0.902753, 0, 0
2.18876, 2.13104, 27.2711, 29.6118, 0.027533, 9.09495e-13, 1.12525e-10, 0.997532, 0, 0
1.40472, 0.669733, 3.91096, 8.21903, 0.000195126, 6.93835e-08, 0.999999, 0.851272, 0, 0
2.07883, 1.52651, 7.9641, 16.4847, 1.94158e-06, 2.91038e-11, 1.72522e-13, 0.846898, 0, 0
1.89146, 0.713473, 6.7202, 13.9203, 0.000195126, 3.85582e-05, 1.90601e-13, 0.96818, 0, 0
4.86149, 5.87767, 261.949, 75.9246, 0.057613, 7.66013e-07, 1.5578e-05, 0.909683, 0, 0
1.46455, 0.698647, 5.52228, 9.98521, 7.42753e-06, 1.45519e-11, 0.999998, 0.981577, 0, 0
2.18103, 0.802605, 8.65367, 13.0122, 3.03239e-06, 3.03239e-06, 1, 0.993504, 0, 0
35.0286, 65.3656, 15287.3, 572.587, 7.84157e-07, 0.00145, 0.041326, 0.839432, 0, 0
1.91437, 0.45301, 3.28021, 7.95015, 0.755229, 9.09495e-13, 1.66657e-06, 0.879457, 0, 0
2.31758, 0.488476, 2.58956, 6.47242, 0.059584, 9.09495e-13, 1.72564e-14, 0.913689, 0, 0
1.88033, 0.445467, 3.43912, 8.77962, 0.532709, 9.09495e-13, 2.16714e-05, 0.853991, 0, 0
2.95041, 0.211503, 2.01756, 6.48669, 0.098872, 1.45519e-11, 3.35699e-14, 0.515848, 0, 0
2.10373, 0.532069, 7.69366, 12.0584, 0.117275, 9.09495e-13, 0.000725694, 0.995483, 0, 0
2.5332, 0.489002, 6.77301, 11.6963, 0.742829, 1.45519e-11, 4.21046e-07, 0.998253, 0, 0
2.67489, 0.251199, 1.95242, 6.8508, 0.532709, 9.09495e-13, 4.0759e-14, 0.916749, 0, 0
2.55676, 0.659208, 5.32573, 9.24612, 0.742829, 1.45519e-11, 1.73924e-10, 3.2815e-08, 0, 0
2.4342, 0.662906, 2.76949, 7.03451, 0.001658, 7.27596e-12, 2.85599e-18, 0.96625, 0, 0
2.63617, 0.60523, 3.31048, 7.8258, 0.08069, 1.81899e-12, 1.49462e-21, 0.994179, 0, 0
2.09895, 0.713559, 8.9177, 12.3065, 0.08069, 1.85702e-07, 2.51425e-07, 0.590817, 0, 0
5.24667, 17.8473, 286.869, 242.655, 1.49339e-09, 1.38261e-06, 1, 0.673748, 0, 0
3.84787, 11.6583, 116.955, 162.216, 0.011508, 7.83984e-10, 2.69746e-08, 0.363755, 0, 0
3.11098, 1.9699, 22.2464, 29.2806, 1, 5.82077e-11, 5.87971e-07, 0.997955, 0, 0
1.57424, 0.510692, 5.3943, 9.47374, 0.635828, 1.81899e-12, 0.000941987, 0.98264, 0, 0
1.23442, 0.546131, 3.869, 8.30563, 0.00145, 3.81988e-11, 0.999671, 0.917802, 0, 0
2.33923, 0.527526, 2.64804, 6.45533, 1, 5.82077e-11, 8.9926e-14, 0.222367, 0, 0
5.42831, 9.60225, 452.693, 148.666, 0.255875, 6.67787e-08, 0.957804, 0.998748, 0, 0
2.21528, 0.476814, 3.75609, 7.58998, 1.38261e-06, 1.81899e-12, 2.94375e-12, 0.69275, 0, 0
5.70052, 12.5977, 953.904, 199.881, 0.268187, 0.000679548, 0.942272, 0.56735, 0, 0
1.81202, 0.601857, 7.73597, 11.1451, 0.005098, 7.27596e-12, 0.000161804, 0.983848, 0, 0
1.86188, 0.743935, 6.9915, 10.2572, 2.53208e-05, 3.81988e-11, 4.58524e-08, 0.978681, 0, 0
1.90817, 0.558142, 9.44657, 12.6318, 0.348889, 3.81988e-11, 0.014124, 0.981143, 0, 0
1.01927, 0.665411, 3.56587, 7.45484, 0.405032, 2.91038e-11, 0.006803, 0.638978, 0, 0
1.72676, 0.52575, 10.1051, 12.4783, 0.867939, 1.94158e-06, 9.4878e-05, 0.663246, 0, 0
2.09809, 0.785763, 11.607, 15.2413, 7.66013e-07, 3.85582e-05, 0.000114673, 0.99748, 0, 0
2.87306, 0.924742, 5.12726, 8.95097, 3.85582e-05, 1.16415e-10, 1.69153e-13, 0.495879, 0, 0
3.31237, 2.62865, 87.0416, 51.7569, 0.607591, 0.009041, 0.139909, 0.388144, 0, 0
4.66258, 14.9823, 103.078, 180.246, 1.09286e-05, 2.32831e-10, 1.19386e-09, 1, 0, 0
1.90891, 1.09186, 8.79534, 12.8701, 4.17698e-07, 3.46545e-06, 8.8547e-09, 0.917766, 0, 0
2.38676, 2.12449, 17.7711, 23.0858, 0.057613, 0.229481, 1.0177e-06, 0.274001, 0, 0
1.23529, 0.610326, 5.40458, 9.12313, 0.607591, 7.66013e-07, 0.001716, 0.728661, 0, 0
2.10287, 1.98003, 36.0224, 32.9112, 0.864166, 6.16489e-06, 0.000873992, 0.569773, 0, 0
2.16151, 0.622059, 5.15156, 9.26496, 0.000535053, 4.65661e-10, 6.76489e-10, 0.483087, 0, 0
2.03219, 0.76201, 12.4662, 13.4835, 0.405032, 2.91038e-11, 0.022961, 0.976462, 0, 0
1.66987, 0.57501, 5.20145, 9.14063, 0.00145, 9.09495e-13, 3.27376e-07, 0.818975, 0, 0
1.44377, 0.692155, 10.0837, 14.413, 0.348889, 7.84157e-07, 0.042336, 0.619889, 0, 0
1.62383, 0.518956, 5.19254, 9.31283, 0.000294077, 1.45519e-10, 1.29388e-06, 0.999082, 0, 0
1.95953, 0.641174, 5.79317, 10.0049, 1, 9.09495e-13, 2.72372e-07, 0.922597, 0, 0
1.96004, 0.757715, 10.6166, 15.5347, 3.60887e-08, 1.45519e-10, 1.06042e-06, 0.597663, 0, 0
2.13943, 0.45578, 1.98822, 5.69278, 0.033552, 7.27596e-12, 2.25543e-14, 0.997086, 0, 0
1.99666, 2.01196, 47.9216, 33.2883, 0.336784, 2.84126e-09, 3.62951e-07, 0.473779, 0, 0
1.31408, 0.63924, 4.21758, 8.63203, 0.000182166, 1.49339e-09, 3.57395e-06, 0.998854, 0, 0
2.20378, 0.78084, 20.0523, 17.8534, 0.607591, 6.93835e-08, 4.18331e-05, 0.865445, 0, 0
1.80918, 2.47787, 50.5467, 35.6154, 0.098872, 1.23313e-07, 0.003322, 0.1067, 0, 0
3.37343, 8.92913, 432.236, 129.588, 0.016589, 1.49339e-09, 0.000216804, 0.150449, 0, 0
1.78409, 0.847869, 10.9348, 13.8503, 0.268187, 8.36459e-06, 6.11455e-05, 0.997733, 0, 0
1.92313, 0.65703, 5.76163, 10.0119, 0.200488, 1.86265e-09, 1.21573e-05, 0.878416, 0, 0
2.30869, 1.83823, 44.375, 31.4481, 0.143307, 6.03854e-07, 1.31091e-06, 0.991967, 0, 0
2.07913, 2.14059, 17.8233, 32.872, 0.000312551, 2.91038e-11, 0.012054, 0.419498, 0, 0
3.13146, 2.22345, 54.6623, 40.7629, 0.047031, 1.23313e-07, 0.000350578, 0.960411, 0, 0
2.35187, 1.37903, 18.1799, 28.9368, 7.02548e-05, 1.45519e-10, 8.20618e-10, 0.647275, 0, 0
1.67317, 0.662307, 5.19012, 12.4861, 3.46545e-06, 2.09548e-09, 0.001089, 0.212501, 0, 0
1.76452, 2.4243, 35.7613, 34.7388, 0.336784, 2.84126e-09, 9.47446e-06, 0.764287, 0, 0
1.95565, 0.451159, 3.39227, 7.28958, 1, 9.09495e-13, 1.35424e-10, 0.88644, 0, 0
1.50006, 0.546722, 5.83016, 11.2832, 0.057613, 0.000195126, 3.73778e-05, 0.994048, 0, 0
2.26858, 0.840414, 9.29039, 12.9476, 0.532709, 3.81988e-11, 1.9833e-09, 0.957913, 0, 0
1.61795, 0.579488, 7.3784, 11.4603, 1, 1.02584e-07, 7.1069e-07, 0.940048, 0, 0
35.767, 47.2468, 4269.06, 291.233, 0.755229, 0.00145, 1, 0.211707, 0, 0
6.5275, 27.7045, 380.649, 364.292, 4.2277e-05, 4.2277e-05, 0.999952, 0.626156, 0, 0
4.45397, 5.47722, 167.752, 61.3375, 0.04096, 2.09548e-09, 0.059815, 0.04953, 0, 0
1.39116, 0.363818, 2.23969, 5.9376, 0.000430857, 9.09495e-13, 1.82984e-09, 0.949757, 0, 0
2.27363, 1.95891, 60.2233, 37.1836, 0.532709, 1.02584e-07, 0.00032934, 0.457313, 0, 0
1.6007, 0.496435, 3.10849, 8.34327, 0.027533, 9.09495e-13, 1.52054e-05, 0.992306, 0, 0
1.66147, 0.264204, 1.838, 6.16946, 0.348889, 9.09495e-13, 1.03655e-06, 0.716018, 0, 0
1.84008, 0.411098, 5.72209, 10.0816, 0.532709, 3.81988e-11, 1.58718e-08, 0.991832, 0, 0
1.60042, 0.63979, 3.3006, 7.59674, 0.000430857, 9.09495e-13, 0.99999, 0.011515, 0, 0
1.31726, 0.819336, 10.7806, 13.9979, 0.532709, 7.83984e-10, 0.929844, 0.000167247, 0, 0
2.60243, 0.854422, 11.1898, 15.0419, 7.84157e-07, 7.83984e-10, 3.34351e-11, 0.987872, 0, 0
2.04199, 0.596655, 14.1068, 14.8841, 0.027533, 3.81988e-11, 3.86805e-05, 0.78898, 0, 0
3.09788, 0.572304, 7.18197, 10.7642, 0.003327, 9.31323e-10, 8.1457e-09, 0.914426, 0, 0
2.22323, 0.694761, 10.4849, 12.9181, 0.011508, 7.83984e-10, 1.87767e-08, 0.716954, 0, 0
2.62007, 0.406018, 2.82017, 7.10747, 0.016589, 1.81899e-12, 7.04896e-18, 0.165869, 0, 0
1.80781, 0.352425, 3.5318, 7.36292, 0.059584, 9.09495e-13, 1.05022e-07, 0.471413, 0, 0
1.9608, 0.766192, 4.80064, 10.4152, 1.81899e-12, 7.45786e-11, 1, 0.991183, 0, 0
3.83919, 4.99773, 452.485, 98.5427, 0.006427, 8.36459e-06, 0.002677, 0.209162, 0, 0
7.85093, 31.525, 1630.17, 444.298, 0.199591, 2.84126e-09, 1.43465e-12, 0.994418, 0, 0
6.96891, 19.682, 2783.03, 240.391, 2.55601e-06, 1.93012e-05, 0.999734, 3.39818e-06, 0, 0
2.83932, 1.10322, 15.4897, 16.5592, 0.117275, 1.02584e-07, 1.75891e-09, 0.988033, 0, 0
6.60002, 19.0306, 2159.28, 318.874, 0.023703, 1.45519e-10, 3.24617e-09, 0.229235, 0, 0
5.66886, 11.5309, 1241.03, 191.546, 6.61877e-05, 6.61877e-05, 8.14456e-06, 0.02608, 0, 0
10.4073, 20.1616, 917.121, 198.505, 0.324009, 0.007632, 0.999939, 0.494227, 0, 0
9.87752, 33.0528, 3661.8, 425.385, 0.012541, 2.16067e-07, 4.0803e-06, 0.946973, 0, 0
2.09167, 0.781128, 4.27961, 9.16044, 0.000195126, 1.16415e-10, 7.77995e-13, 0.837303, 0, 0
4.5551, 15.2692, 124.216, 197.392, 0.749259, 3.63798e-12, 1.22584e-17, 0.786242, 0, 0
1.57383, 0.525511, 7.15134, 11.8153, 0.117275, 1.04792e-08, 7.96057e-06, 0.294884, 0, 0
1.63217, 0.843616, 14.2882, 16.3098, 0.027533, 1.02584e-07, 0.043879, 0.782682, 0, 0
1.3437, 0.764681, 10.6091, 15.3513, 0.532709, 7.83984e-10, 0.015171, 0.111314, 0, 0
1.80822, 0.694966, 7.00083, 10.6842, 0.532709, 9.09495e-13, 1.2487e-06, 0.997302, 0, 0
2.47871, 1.25141, 28.8408, 23.6218, 0.016589, 1.9465e-08, 0.999353, 0.99512, 0, 0
1.26469, 0.655616, 7.5183, 10.6368, 0.348889, 4.8736e-06, 0.008476, 0.997054, 0, 0
4.57991, 5.89419, 317.974, 94.9283, 0.324009, 0.020074, 0.998524, 0.076746, 0, 0
1.89528, 0.669339, 4.99115, 9.70781, 7.84157e-07, 7.83984e-10, 9.01596e-11, 0.988725, 0, 0
1.97507, 1.02334, 20.7823, 20.5865, 0.522397, 0.001065, 0.004052, 0.000481175, 0, 0
10.6771, 18.9897, 1041.1, 274.944, 1, 7.42753e-06, 6.29648e-08, 0.790236, 0, 0
2.03022, 0.794483, 9.04702, 14.8343, 0.000182166, 7.45786e-11, 1.29062e-06, 1.43067e-05, 0, 0
1.81869, 0.583279, 4.59917, 9.70984, 0.027533, 9.09495e-13, 4.75578e-05, 1, 0, 0
3.18234, 10.9896, 110.466, 148.051, 0.000679548, 1.85702e-07, 0.002222, 0.944011, 0, 0
2.32923, 1.41793, 19.1755, 25.4264, 1.9465e-08, 7.45786e-11, 1.40664e-09, 0.765785, 0, 0
1.85703, 2.07514, 39.3818, 34.1929, 0.755229, 7.83984e-10, 0.001352, 0.662521, 0, 0
14.1123, 29.8344, 3328.82, 328.492, 0.003327, 4.64916e-06, 5.27871e-07, 0.970391, 0, 0
2.29992, 3.37673, 30.8497, 50.8954, 0.065245, 0.001193, 0.999909, 0.583908, 0, 0
1.2243, 0.481218, 6.16335, 10.007, 1.85702e-07, 1.9465e-08, 0.999973, 0.991752, 0, 0
1.74286, 0.380207, 7.59265, 10.7586, 0.016589, 1.49339e-09, 9.59545e-08, 0.786383, 0, 0
4.59232, 11.2051, 942.746, 173.519, 0.199591, 7.02548e-05, 0.001189, 0.946986, 0, 0
2.51295, 7.53309, 100.099, 101.452, 2.42991e-06, 2.42991e-06, 1.2645e-07, 1, 0, 0
1.14713, 0.612616, 7.43408, 10.9499, 0.143307, 0.143307, 0.008998, 0.999086, 0, 0
1.6405, 0.398183, 5.56022, 10.2737, 0.000679548, 1.49339e-09, 1.301e-05, 0.72299, 0, 0
1.64139, 0.746353, 8.00215, 16.4468, 0.108129, 2.84126e-09, 0.013254, 0.690447, 0, 0
2.29725, 0.559922, 9.60572, 16.218, 2.43426e-05, 2.83762e-10, 1.83853e-05, 0.933268, 0, 0
0.919628, 0.565453, 4.27839, 11.1586, 0.000312551, 1.07684e-09, 0.998809, 0.992932, 0, 0
5.9812, 19.2164, 2373.52, 338.601, 4.12576e-05, 1.02446e-08, 0.999998, 0.26424, 0, 0
5.77572, 18.8526, 307.323, 185.35, 0.242985, 1.94122e-08, 1, 0.000810583, 0, 0
1.81253, 0.404081, 4.8268, 10.5839, 0.336784, 3.63798e-12, 9.76802e-05, 0.787984, 0, 0
1.23014, 0.98697, 16.472, 18.975, 0.864166, 6.93835e-08, 0.088476, 0.987402, 0, 0
2.56628, 0.604024, 7.35839, 10.9068, 0.000112221, 9.09495e-13, 1.83906e-11, 0.670537, 0, 0
3.16742, 0.620473, 13.7314, 17.3465, 1.02584e-07, 3.81988e-11, 4.57328e-16, 0.999046, 0, 0
1.83684, 0.515974, 4.17589, 7.82047, 0.000430857, 9.09495e-13, 6.63166e-09, 0.912284, 0, 0
2.53984, 0.763941, 16.9034, 18.5921, 0.199591, 2.84126e-09, 5.30469e-08, 0.99306, 0, 0
2.36761, 0.711574, 4.75128, 8.69821, 0.023703, 3.63798e-12, 4.43045e-14, 9.95476e-09, 0, 0
2.43162, 1.55007, 24.1024, 30.2408, 1.38261e-06, 1.85702e-07, 6.2481e-13, 0.995266, 0, 0
5.20817, 8.96042, 233.115, 93.613, 0.011331, 2.27214e-07, 0.99688, 5.01327e-06, 0, 0
6.01662, 14.4072, 1197.1, 266.372, 0.038477, 1.85702e-07, 0.000960522, 0.518064, 0, 0
4.86235, 15.5291, 289.419, 211.154, 0.016589, 1.38261e-06, 2.34506e-05, 0.804324, 0, 0
1.66515, 0.597951, 3.54853, 8.78426, 0.108129, 3.63798e-12, 3.7804e-06, 0.868656, 0, 0
4.93144, 17.5616, 179.08, 191.537, 0.122078, 1.49012e-08, 7.48963e-06, 0.926287, 0, 0
15.9259, 47.7396, 18305.2, 621.164, 1.30851e-07, 2.32831e-10, 0.000403692, 0.015108, 0, 0
3.10093, 3.33528, 152.166, 56.3527, 0.00145, 3.81988e-11, 0.000992561, 0.957827, 0, 0
1.86047, 0.60206, 4.29709, 8.97418, 0.053252, 3.63798e-12, 5.81401e-10, 0.964983, 0, 0
2.07544, 0.618254, 9.57312, 14.3958, 0.011508, 7.84157e-07, 2.40298e-05, 0.886298, 0, 0
9.64066, 23.9736, 1702, 219.081, 0.001065, 2.42991e-06, 0.999861, 0.846229, 0, 0
6.05802, 12.0675, 460.993, 123.388, 1, 1.9465e-08, 0.007187, 0.006639, 0, 0
2.65927, 1.59848, 34.0937, 26.9462, 0.033552, 4.25596e-06, 1.30147e-07, 0.998831, 0, 0
2.54997, 3.15365, 112.863, 45.3733, 0.004324, 1.02584e-07, 0.039396, 0.927644, 0, 0
4.38876, 10.6094, 726.134, 153.201, 0.255875, 2.83762e-10, 0.016435, 0.961201, 0, 0
3.43662, 7.11893, 99.3149, 100.266, 4.8736e-06, 3.81988e-11, 2.13107e-06, 0.981407, 0, 0
1.44713, 0.736534, 4.32081, 9.92681, 0.000471987, 5.39876e-09, 9.52478e-07, 0.85694, 0, 0
1.90484, 0.747477, 7.38517, 11.5426, 7.84157e-07, 7.83984e-10, 1, 0.893612, 0, 0
1.53506, 0.487955, 5.1773, 9.01242, 7.84157e-07, 7.83984e-10, 0.999991, 0.985844, 0, 0
5.59448, 24.9403, 222.591, 325.368, 0.08069, 7.45786e-11, 4.41112e-14, 0.997603, 0, 0
1.11936, 0.688569, 7.90063, 11.1311, 0.417692, 6.03854e-07, 0.021424, 0.985148, 0, 0
1.42769, 0.687907, 6.87884, 10.2811, 0.013531, 7.91624e-09, 0.009776, 0.983331, 0, 0
1.71216, 0.54844, 5.49682, 9.72394, 0.028817, 1.07684e-09, 2.02192e-05, 0.991694, 0, 0
1.67045, 0.697878, 8.43021, 12.4875, 1.38261e-06, 1.49339e-09, 1, 0.716565, 0, 0
2.92003, 2.93215, 126.336, 47.1446, 1, 1.04792e-08, 0.001935, 0.343628, 0, 0
2.60502, 0.899171, 10.8602, 12.4574, 3.81988e-11, 1.04792e-08, 0.999999, 0.104863, 0, 0
23.5567, 45.0412, 750.851, 247.546, 0.511376, 0.000191076, 1.15478e-16, 0.490282, 0, 0
1.57667, 0.644287, 6.00691, 10.5733, 0.000116842, 3.46545e-06, 1, 0.996927, 0, 0
2.81114, 3.11212, 57.8374, 37.1863, 1.38261e-06, 1.81899e-12, 1.08673e-06, 0.993676, 0, 0
4.88631, 12.6985, 162.912, 165.803, 6.96017e-05, 1.07684e-09, 0.837108, 0.996576, 0, 0
2.30183, 0.902565, 7.68186, 11.0837, 7.45058e-09, 0.000912234, 1, 1.14219e-08, 0, 0
1.31793, 0.287744, 2.59603, 6.25728, 0.348889, 9.09495e-13, 2.8375e-05, 0.95191, 0, 0
1.72598, 0.703219, 4.81417, 9.94539, 0.000430857, 9.09495e-13, 2.2304e-05, 0.998926, 0, 0
2.80857, 0.771297, 16.0386, 15.958, 7.02548e-05, 1.45519e-10, 1.07276e-08, 0.815249, 0, 0
1.63962, 0.43402, 4.18238, 8.07946, 0.000112221, 9.09495e-13, 2.71899e-07, 0.997824, 0, 0
2.39656, 0.338666, 2.7072, 6.87355, 7.84157e-07, 9.09495e-13, 4.91821e-17, 0.995717, 0, 0
2.42398, 0.544912, 2.58322, 7.16868, 2.53208e-05, 9.09495e-13, 5.99168e-15, 1, 0, 0
2.4195, 1.02786, 8.14447, 12.0463, 0.15386, 1.81899e-12, 1.19954e-08, 0.95702, 0, 0
1.73956, 0.491736, 5.77693, 9.28229, 0.059584, 9.09495e-13, 0.000328407, 0.96621, 0, 0
1.37546, 0.515209, 3.88842, 7.73763, 0.211024, 1.04792e-08, 0.00052667, 0.977787, 0, 0
1.0415, 0.55802, 3.90741, 8.73359, 0.000294077, 3.63798e-12, 9.53881e-05, 0.927297, 0, 0
1.83276, 0.576478, 3.05099, 6.83774, 0.000679548, 1.81899e-12, 2.8628e-11, 0.997206, 0, 0
1.53068, 0.425288, 3.17758, 7.08161, 0.005098, 7.27596e-12, 2.03063e-06, 0.004678, 0, 0
1.87577, 1.85011, 33.6823, 28.8367, 0.348889, 1.04792e-08, 0.088878, 0.561186, 0, 0
1.44975, 0.631528, 5.60474, 9.49236, 0.522397, 3.63798e-12, 0.000923571, 1.37394e-08, 0, 0
2.87634, 0.584229, 5.90636, 10.6564, 6.93835e-08, 1.16415e-10, 1.23519e-09, 0.66065, 0, 0
2.71489, 10.778, 91.0936, 140.671, 1, 1.45519e-10, 4.72065e-07, 0.852514, 0, 0
1.95161, 0.623143, 8.26616, 12.4476, 4.12576e-05, 1.08439e-06, 3.29852e-06, 0.988687, 0, 0
1.40428, 0.569352, 5.69969, 9.96169, 0.15386, 1.81899e-12, 1.46013e-05, 0.880827, 0, 0
1.86395, 0.638842, 2.46951, 6.38532, 2.83762e-10, 7.27596e-12, 3.55236e-14, 0.030765, 0, 0
2.98602, 2.53884, 65.4347, 32.8272, 0.755229, 9.09495e-13, 2.26008e-09, 1, 0, 0
1.04337, 0.493066, 4.53523, 8.17562, 0.000182166, 1.9465e-08, 0.980505, 0.400298, 0, 0
1.59219, 0.533116, 7.07253, 12.0261, 8.36459e-06, 8.36459e-06, 7.63357e-09, 0.89799, 0, 0
2.76009, 0.561135, 6.84381, 10.2882, 1, 3.63798e-12, 1.68521e-08, 0.980914, 0, 0
1.20491, 0.660262, 3.31089, 7.74569, 1.94122e-08, 1.07684e-09, 1.43805e-06, 0.872383, 0, 0
1.60077, 0.47687, 3.81996, 7.92794, 2.91038e-11, 2.27214e-07, 0.999995, 0.718461, 0, 0
2.27021, 0.800788, 9.30368, 12.257, 0.020074, 1.45519e-11, 8.45606e-07, 0.991896, 0, 0
3.99106, 5.19246, 103.901, 46.1182, 0.38331, 0.007197, 0.000200256, 0.75339, 0, 0
3.02206, 2.47434, 46.5364, 41.3904, 0.175465, 5.82077e-11, 0.052058, 0.955293, 0, 0
2.06831, 0.533431, 8.8268, 12.0803, 0.735879, 3.6729e-08, 5.61388e-08, 0.9488, 0, 0
2.03747, 1.34611, 15.4714, 19.8681, 0.003933, 1.07684e-09, 1.41308e-06, 0.995991, 0, 0
1.84207, 0.561753, 3.1524, 7.42868, 0.000821395, 1.16415e-10, 1.79702e-08, 0.629689, 0, 0
1.78664, 0.821399, 6.62786, 10.6824, 0.742829, 1.45519e-11, 2.79695e-06, 0.910137, 0, 0
1.33896, 0.722718, 7.08994, 11.9195, 0.742829, 1.45519e-11, 0.278396, 0.855703, 0, 0
2.24132, 0.644177, 7.66928, 11.4259, 0.132498, 2.91038e-11, 6.83387e-05, 0.926026, 0, 0
4.85985, 6.77582, 493.047, 101.182, 1, 3.6729e-08, 0.048547, 0.976999, 0, 0
2.16263, 2.63908, 54.9175, 34.1391, 0.324009, 1.08439e-06, 2.37029e-06, 0.076257, 0, 0
1.68859, 0.504761, 4.71911, 10.428, 0.000752897, 1.45519e-11, 0.000112988, 0.998236, 0, 0
7.1579, 28.0463, 1086.93, 363.976, 0.002563, 1.02446e-08, 2.13339e-09, 0.691656, 0, 0
2.22746, 1.77777, 57.7673, 36.9201, 0.028817, 1.94158e-06, 0.018326, 0.950346, 0, 0
1.34642, 0.648798, 3.44514, 7.45306, 1.08439e-06, 1.45519e-11, 0.999986, 0.995881, 0, 0
2.13403, 0.62486, 3.73442, 8.53822, 1, 1.45519e-11, 1.8633e-09, 0.99348, 0, 0
1.98774, 0.594912, 4.91551, 9.65507, 0.000752897, 1.45519e-11, 6.22618e-07, 0.977165, 0, 0
3.12933, 2.42219, 60.7867, 34.7585, 0.098872, 5.52973e-10, 2.08308e-05, 0.566821, 0, 0
2.54049, 0.508392, 4.16975, 11.2709, 0.000191076, 1.45519e-11, 7.34849e-07, 0.979641, 0, 0
3.47909, 10.2411, 109.949, 129.77, 0.000116842, 2.09548e-09, 3.48987e-05, 0.672966, 0, 0
2.24174, 0.492857, 2.85321, 6.91916, 5.82077e-11, 5.82077e-11, 1, 0.263415, 0, 0
1.3133, 0.480135, 5.98491, 10.1571, 0.028817, 1.29135e-05, 0.011916, 0.72144, 0, 0
3.98846, 4.8124, 107.527, 45.617, 0.417692, 6.67787e-08, 1.64976e-07, 1, 0, 0
1.29391, 0.252745, 2.48335, 6.67665, 0.617719, 1.94158e-06, 0.000187866, 0.968966, 0, 0
1.80666, 0.607155, 7.74895, 11.4154, 4.17698e-07, 3.6729e-08, 0.002235, 0.966309, 0, 0
1.56719, 0.325853, 4.1388, 8.13934, 0.072951, 2.83762e-10, 7.24417e-06, 0.998258, 0, 0
1.78388, 1.16248, 17.2066, 18.8202, 0.013853, 5.39876e-09, 0.029579, 0.841864, 0, 0
1.22902, 0.801662, 7.9475, 13.2034, 0.020074, 1.08439e-06, 0.62092, 0.967756, 0, 0
1.47498, 0.322865, 3.04285, 7.45049, 6.61877e-05, 7.91624e-09, 7.78629e-07, 0.130326, 0, 0
2.37651, 2.04533, 39.1534, 34.6111, 0.001193, 2.91038e-11, 0.984598, 0.01694, 0, 0
1.96078, 0.714484, 7.87656, 12.4385, 1.02446e-08, 0.000752897, 0.984341, 0.975678, 0, 0
1.94663, 1.01648, 8.6397, 12.8355, 6.96017e-05, 2.91038e-11, 0.000127501, 0.89598, 0, 0
3.23623, 10.0385, 109.502, 128.339, 0.011331, 1.94158e-06, 1.65461e-07, 0.998331, 0, 0
3.01936, 0.985908, 19.5766, 18.5809, 4.25596e-06, 6.03854e-07, 0.999752, 0.58409, 0, 0
2.17809, 0.270179, 7.06479, 11.5604, 1.42993e-05, 1.45519e-10, 1.06526e-10, 0.918617, 0, 0
1.86358, 0.686404, 10.4596, 13.3937, 0.001065, 1.45519e-10, 3.30162e-05, 0.923209, 0, 0
1.4429, 0.703217, 5.66297, 10.7334, 0.000294077, 3.63798e-12, 1.69863e-05, 1, 0, 0
2.38058, 0.657623, 6.10986, 10.2513, 3.63798e-12, 1.45519e-10, 1, 0.863763, 0, 0
1.99446, 0.488307, 8.59519, 12.112, 2.42991e-06, 1.45519e-10, 6.40737e-08, 0.884254, 0, 0
2.076, 0.555605, 4.94174, 9.35539, 2.83762e-10, 7.27596e-12, 1, 0.977935, 0, 0
1.82333, 0.353321, 4.05907, 8.46343, 0.336784, 1.45519e-10, 6.95059e-09, 0.663453, 0, 0
2.20379, 0.776427, 11.6341, 14.4642, 2.43426e-05, 2.83762e-10, 3.72528e-07, 0.612108, 0, 0
1.78864, 0.567784, 5.14362, 8.94535, 2.84126e-09, 1.45519e-10, 0.999999, 0.979375, 0, 0
1.39924, 0.610504, 5.32822, 8.94048, 0.04096, 2.09548e-09, 0.000612893, 0.000661929, 0, 0
6.0351, 26.0849, 141.317, 308.095, 0.001319, 2.32831e-10, 6.8478e-10, 0.997812, 0, 0
3.4931, 11.0676, 122.051, 147.387, 0.033552, 5.39876e-09, 0.000109093, 0.445146, 0, 0
3.86994, 14.4415, 104.121, 181.279, 0.49956, 2.23615e-05, 4.22385e-09, 0.812746, 0, 0
2.09722, 0.677785, 7.85611, 12.9492, 0.742829, 1.23313e-07, 3.23559e-06, 0.942023, 0, 0
0.971362, 0.485109, 3.06787, 7.62795, 0.48685, 1.40117e-06, 0.0001463, 0.064079, 0, 0
2.01895, 1.59589, 16.2723, 18.6487, 1, 0.016589, 3.64451e-06, 0.412258, 0, 0
0.606121, 0.453222, 3.57658, 7.7984, 0.089531, 2.09548e-09, 0.916777, 0.003872, 0, 0
2.24629, 1.77316, 48.7441, 32.9315, 6.93835e-08, 0.000821395, 0.95071, 0.888668, 0, 0
1.30044, 0.382482, 4.10193, 7.81063, 1, 1.53668e-08, 0.000620219, 0.784236, 0, 0
1.79507, 0.865305, 8.08562, 12.463, 0.132498, 2.27214e-07, 1.17021e-05, 0.890391, 0, 0
1.91524, 1.7027, 17.7166, 20.367, 0.047031, 0.742829, 2.68366e-05, 0.513807, 0, 0
1.75655, 0.57965, 7.59882, 11.5028, 0.016674, 2.09548e-09, 0.001451, 0.815782, 0, 0
1.43881, 0.67546, 7.59195, 10.4113, 0.874629, 1.81899e-12, 0.160052, 0.952772, 0, 0
1.91527, 0.525434, 5.19934, 9.11188, 0.532709, 9.09495e-13, 2.14485e-05, 1, 0, 0
1.53112, 0.57758, 4.68794, 10.3081, 1, 1.81899e-12, 0.040389, 0.993852, 0, 0
1.21145, 0.401989, 3.59525, 8.16615, 0.417692, 6.03854e-07, 0.822299, 0.323373, 0, 0
1.63889, 0.494199, 3.83885, 7.44647, 3.35316e-07, 3.63798e-12, 9.50124e-09, 0.986418, 0, 0
5.84159, 11.6012, 1154.19, 192.036, 1, 0.005098, 0.756244, 0.708348, 0, 0
2.29546, 2.47957, 88.8537, 40.4526, 1.29135e-05, 1.29135e-05, 0.019543, 0.99855, 0, 0
3.47809, 7.58479, 78.7694, 103.16, 0.871415, 7.27596e-12, 0.888603, 0.919985, 0, 0
1.58869, 0.822923, 6.72829, 10.5238, 0.324009, 1.02446e-08, 1.33986e-05, 1, 0, 0
2.0972, 2.11279, 46.3653, 33.5044, 1, 1.45519e-11, 0.000643409, 0.00606, 0, 0
1.84957, 0.643498, 5.58299, 8.96106, 0.348889, 3.81988e-11, 3.17212e-10, 0.997602, 0, 0
2.16966, 0.902241, 6.82607, 10.7236, 1, 1.45519e-10, 5.05625e-12, 0.972971, 0, 0
2.14807, 1.04942, 12.756, 16.8328, 0.098872, 1.23313e-07, 6.78498e-07, 0.991868, 0, 0
1.94217, 0.585574, 3.77791, 7.77599, 0.011508, 9.09495e-13, 1.25658e-12, 0.998264, 0, 0
1.73612, 0.712908, 7.86211, 11.4959, 0.255875, 4.25596e-06, 3.8641e-05, 0.981795, 0, 0
1.55473, 0.690776, 5.51896, 9.07502, 0.749259, 3.63798e-12, 3.16843e-05, 0.953833, 0, 0
1.84868, 0.721709, 6.68331, 9.688, 0.348889, 9.09495e-13, 2.52388e-05, 0.997595, 0, 0
1.91141, 0.68329, 7.21371, 10.3646, 0.755229, 9.09495e-13, 0.000603915, 0.999031, 0, 0
1.94048, 0.477264, 5.17797, 10.1003, 0.755229, 9.09495e-13, 0.013551, 0.119179, 0, 0
1.04777, 0.534412, 2.76798, 6.72339, 0.000430857, 9.09495e-13, 0.000458539, 0.961492, 0, 0
78.1284, 122.224, 1334.93, 576.943, 0.038477, 0.268187, 1, 0.360494, 0, 0
1.35092, 0.574232, 6.96899, 12.4244, 0.000679548, 1.81899e-12, 0.994017, 0.998791, 0, 0
2.13468, 1.97705, 37.6686, 32.1897, 0.08069, 1.81899e-12, 0.000269033, 0.892895, 0, 0
2.09353, 0.58691, 5.14471, 8.67418, 7.84157e-07, 9.09495e-13, 6.74711e-13, 0.073938, 0, 0
2.76182, 2.35168, 99.2151, 41.7776, 0.007632, 1.08439e-06, 0.003649, 0.990699, 0, 0
1.57023, 0.783441, 9.74937, 13.1488, 0.000182166, 4.2277e-05, 9.24459e-05, 0.995157, 0, 0
2.08894, 1.92464, 48.4294, 32.3439, 0.001658, 6.03854e-07, 0.02268, 0.55358, 0, 0
5.03568, 21.9862, 139.302, 286.131, 8.36459e-06, 1.81899e-12, 1, 0.998681, 0, 0
2.0359, 0.873063, 9.25469, 11.5826, 0.000182166, 7.45786e-11, 0.000155923, 0.003957, 0, 0
2.50381, 0.76444, 4.96371, 8.74004, 2.32831e-10, 2.32831e-10, 5.7131e-13, 0.729759, 0, 0
2.149, 1.34761, 32.0608, 24.1963, 0.009475, 2.84126e-09, 0.999723, 0.824811, 0, 0
2.27444, 1.18014, 21.5562, 19.1319, 0.005098, 2.43426e-05, 1.0233e-05, 0.310739, 0, 0
6.35091, 12.6744, 721.33, 160.704, 0.089531, 0.000116842, 1.81774e-08, 0.364544, 0, 0
1.16341, 0.601836, 4.52442, 8.46132, 0.742829, 1.45519e-11, 0.000286599, 0.998607, 0, 0
4.02806, 10.5011, 373.963, 150.699, 0.028817, 1.29135e-05, 0.807352, 0.49119, 0, 0
1.45621, 0.331048, 2.29013, 5.95349, 1.49339e-09, 1.81899e-12, 3.83413e-09, 0.992487, 0, 0
2.15855, 1.53219, 35.463, 28.0605, 0.002221, 1.49339e-09, 6.38219e-06, 0.945808, 0, 0
2.01037, 0.538038, 3.86885, 7.69033, 1.53668e-08, 4.65661e-10, 1.15917e-07, 0.000269829, 0, 0
3.68458, 9.14698, 223.998, 126.755, 0.000752897, 5.52973e-10, 0.6738, 0.043979, 0, 0
2.90811, 1.14595, 26.9732, 22.0899, 1.30851e-07, 1.09286e-05, 2.64223e-06, 0.958208, 0, 0
7.38642, 8.05528, 708.167, 133.29, 4.92334e-05, 0.000310749, 8.37905e-06, 5.92056e-10, 0, 0
4.31644, 12.9425, 262.061, 164.857, 1.09286e-05, 0.004551, 3.46224e-06, 0.942627, 0, 0
3.03045, 0.708353, 10.4327, 13.2363, 0.004324, 9.09495e-13, 1.98216e-06, 0.997651, 0, 0
7.12548, 21.2124, 840.1, 255.358, 0.522397, 3.63798e-12, 6.04862e-14, 0.636499, 0, 0
1.73867, 0.529857, 5.88985, 10.1364, 0.310505, 5.82077e-11, 4.5007e-06, 0.985976, 0, 0
2.00385, 0.795304, 9.91061, 14.8355, 1.08439e-06, 1.02446e-08, 0.000348584, 0.786204, 0, 0
1.19859, 0.59132, 3.60906, 9.61709, 0.115318, 0.000402451, 0.088879, 1, 0, 0
1.8469, 0.488133, 4.56324, 10.1697, 0.011508, 9.09495e-13, 4.25478e-05, 0.998948, 0, 0
1.66077, 0.707847, 7.96807, 13.037, 0.033552, 7.27596e-12, 0.98714, 0.795277, 0, 0
10.1915, 22.2599, 4677.88, 321.268, 0.187742, 4.12576e-05, 0.034083, 0.762516, 0, 0
2.60252, 0.776553, 8.90172, 13.4489, 0.532709, 9.09495e-13, 6.89316e-10, 0.9794, 0, 0
1.88849, 0.648086, 7.59194, 11.6848, 0.006427, 1.81899e-12, 1.73711e-05, 0.337749, 0, 0
1.62499, 2.16178, 25.6743, 32.342, 0.057613, 3.85582e-05, 0.004047, 0.989082, 0, 0
2.02263, 0.744821, 7.22445, 11.4051, 0.00145, 9.09495e-13, 2.34415e-05, 0.99887, 0, 0
4.7503, 15.5468, 242.045, 198.499, 0.020074, 1.45519e-11, 2.37791e-09, 0.688871, 0, 0
1.92224, 0.573948, 7.06409, 11.4087, 0.281042, 9.31323e-10, 0.026873, 0.021845, 0, 0
2.27679, 0.601004, 5.86848, 12.0353, 0.627103, 7.27596e-12, 2.72354e-05, 0.769546, 0, 0
1.95173, 0.59647, 6.32633, 13.913, 0.011508, 9.09495e-13, 0.000264483, 0.389367, 0, 0
1.85199, 0.934655, 11.1831, 13.5276, 0.004324, 9.09495e-13, 0.000156707, 1, 0, 0
2.21821, 0.600287, 6.45582, 11.0754, 0.749259, 3.63798e-12, 1.71858e-07, 0.990515, 0, 0
2.62365, 1.57117, 44.3337, 35.9648, 2.42991e-06, 3.35316e-07, 0.000141552, 0.984587, 0, 0
2.3523, 1.91971, 73.0478, 35.0808, 0.000112221, 1.02584e-07, 0.000230786, 0.513071, 0, 0
2.34866, 0.71571, 6.96849, 13.1483, 7.02548e-05, 3.63798e-12, 1.77676e-05, 0.002084, 0, 0
1.28751, 0.348697, 1.99166, 5.39557, 0.749259, 3.63798e-12, 1.17829e-07, 0.938568, 0, 0
1.08557, 0.692704, 3.92861, 9.09875, 0.522397, 3.63798e-12, 0.959257, 1, 0, 0
1.74103, 0.927136, 8.89348, 12.1332, 0.336784, 1.45519e-10, 0.000958665, 0.793497, 0, 0
2.09446, 0.418144, 2.22693, 6.11482, 2.84126e-09, 3.63798e-12, 6.39074e-18, 0.966762, 0, 0
3.44794, 6.7385, 113.059, 95.4211, 0.000294077, 2.42991e-06, 0.057273, 0.997781, 0, 0
2.82294, 9.72945, 97.3361, 131.839, 0.522397, 2.42991e-06, 4.08501e-10, 0.604137, 0, 0
1.63882, 0.708149, 5.35353, 9.05943, 0.072951, 7.27596e-12, 8.53877e-07, 1, 0, 0
11.5113, 18.5698, 699.558, 205.37, 0.00050826, 5.82077e-11, 0.898812, 2.94689e-06, 0, 0
1.85091, 0.319855, 1.7624, 5.95576, 0.047031, 1.45519e-11, 4.41273e-09, 0.970941, 0, 0
1.63131, 1.42041, 17.2849, 23.2819, 0.04096, 2.09548e-09, 1.94729e-05, 0.814634, 0, 0
2.62578, 2.07824, 78.8986, 41.7873, 1, 0.000752897, 0.059779, 0.538171, 0, 0
1.6956, 0.639261, 5.4877, 9.77089, 0.003378, 1.45519e-10, 2.17073e-07, 0.90394, 0, 0
3.35635, 3.14625, 77.3434, 42.7425, 0.002563, 1.02446e-08, 0.000359993, 0.998593, 0, 0
2.25132, 0.58436, 3.20827, 7.99081, 0.522397, 3.63798e-12, 2.80888e-09, 0.986708, 0, 0
1.67806, 0.593371, 4.43966, 9.76222, 0.255875, 6.03854e-07, 3.59729e-09, 0.823124, 0, 0
1.44234, 0.571549, 4.00744, 8.85334, 0.009475, 1.45519e-10, 6.88707e-07, 0.711386, 0, 0
1.76272, 1.22331, 9.85012, 14.8334, 0.000294077, 3.63798e-12, 1.46215e-09, 0.871967, 0, 0
1.50017, 0.544632, 6.21437, 12.0987, 0.199591, 0.000294077, 0.000468719, 0.463468, 0, 0
1.63388, 0.522926, 6.2902, 10.2711, 0.532709, 9.09495e-13, 0.003989, 0.998675, 0, 0
1.25135, 0.719178, 11.2264, 13.4408, 0.000471987, 4.25596e-06, 0.089561, 0.865907, 0, 0
51.3761, 108.779, 1985.8, 595.449, 0.211024, 9.09495e-13, 4.35859e-27, 0.625455, 0, 0
1.5441, 0.745124, 7.71969, 11.7884, 0.532709, 9.09495e-13, 0.0004109, 0.987439, 0, 0
1.07335, 0.695202, 9.44591, 14.2061, 0.199591, 0.000294077, 0.021715, 0.835823, 0, 0
5.47322, 14.0424, 1375.37, 214.443, 1, 1.45519e-11, 0.001924, 0.833526, 0, 0
1.44105, 0.579891, 13.126, 14.2715, 0.522397, 0.003378, 0.001027, 0.99473, 0, 0
1.50878, 0.40382, 4.77163, 9.64305, 0.053252, 2.84126e-09, 0.054701, 0.759438, 0, 0
1.52707, 0.239248, 3.33322, 7.99655, 0.004324, 9.09495e-13, 2.64093e-05, 0.35566, 0, 0
1.63635, 0.561381, 6.74949, 11.1123, 0.000182166, 1.38261e-06, 0.021168, 0.00964, 0, 0
1.49545, 0.346633, 4.4916, 8.96632, 0.108129, 1.45519e-10, 9.88885e-06, 0.379094, 0, 0
1.18219, 0.565386, 4.84836, 9.86975, 0.117275, 9.09495e-13, 0.806322, 0.7951, 0, 0
1.61053, 0.455428, 2.19018, 6.27474, 0.735879, 5.82077e-11, 2.60317e-08, 0.97796, 0, 0
1.44241, 0.419315, 3.88018, 8.20112, 0.001065, 1.45519e-10, 9.12519e-07, 0.850886, 0, 0
4.33181, 3.95599, 143.887, 53.8236, 1, 1.45519e-10, 0.026294, 1, 0, 0
2.15513, 0.50949, 6.77295, 11.4937, 0.15386, 7.45786e-11, 7.18915e-11, 0.179575, 0, 0
2.10445, 1.17401, 8.99901, 12.3833, 0.108129, 3.63798e-12, 1.18737e-12, 0.93582, 0, 0
2.27782, 0.550831, 3.45916, 7.90829, 7.02548e-05, 3.63798e-12, 6.41593e-15, 0.985245, 0, 0
2.24674, 0.782055, 16.8825, 15.983, 7.91624e-09, 0.296206, 0.918561, 0.414173, 0, 0
7.7258, 19.8433, 2422.87, 292.713, 0.627103, 0.000116167, 0.004929, 0.060787, 0, 0
1.97385, 0.530401, 6.65632, 10.3996, 0.00145, 3.81988e-11, 7.35417e-07, 0.368614, 0, 0
2.7555, 1.02986, 23.913, 19.8586, 0.013853, 0.000471987, 0.011497, 0.500807, 0, 0
1.46086, 0.500586, 6.49485, 10.4569, 2.27214e-07, 2.27214e-07, 1.71775e-07, 0.971473, 0, 0
1.8455, 0.959591, 7.00676, 11.8158, 1.08439e-06, 1.02446e-08, 1.51121e-11, 0.8925, 0, 0
1.93422, 0.419635, 2.34004, 6.1688, 2.43426e-05, 7.27596e-12, 6.47783e-17, 0.472957, 0, 0
2.47832, 0.649754, 11.0679, 12.6424, 4.64916e-06, 4.64916e-06, 1.91186e-05, 0.868823, 0, 0
1.34062, 0.949161, 11.1263, 13.6312, 0.000679548, 1.81899e-12, 0.956585, 0.57899, 0, 0
1.84447, 0.687094, 10.6886, 12.9579, 0.002563, 1.02446e-08, 2.35203e-06, 0.759707, 0, 0
1.93702, 0.669817, 8.91891, 15.4372, 0.348889, 3.81988e-11, 4.61282e-07, 1, 0, 0
1.14679, 0.651838, 4.25079, 8.2835, 0.004324, 9.09495e-13, 0.002381, 0.989704, 0, 0
1.0257, 0.426345, 3.85064, 7.53024, 0.011508, 3.81988e-11, 0.008337, 0.996641, 0, 0
1.27038, 0.538212, 6.18513, 10.4679, 0.002221, 1, 0.995641, 0.998519, 0, 0
1.4986, 0.750319, 6.64389, 11.0621, 0.00145, 4.8736e-06, 4.22003e-08, 0.996153, 0, 0
2.50593, 1.80935, 23.2535, 28.7115, 0.001193, 2.91038e-11, 2.23942e-05, 0.938379, 0, 0
5.08964, 19.3516, 401.096, 257.688, 0.199591, 3.35316e-07, 2.11253e-07, 0.992303, 0, 0
1.73609, 0.792887, 9.92743, 13.6374, 5.52973e-10, 0.000191076, 4.36863e-05, 0.979967, 0, 0
2.01961, 2.03141, 25.093, 33.4509, 0.023703, 3.60887e-08, 1.26393e-05, 0.985789, 0, 0
5.77936, 5.74161, 352.413, 76.0945, 0.742829, 1.23313e-07, 0.023509, 1, 0, 0
1.89031, 0.803266, 4.75005, 10.3585, 0.016589, 7.45786e-11, 8.77928e-11, 0.929974, 0, 0
2.08087, 0.875005, 11.4286, 15.0686, 0.006427, 0.000182166, 4.90087e-08, 0.464424, 0, 0
1.26164, 0.517384, 4.51794, 10.8961, 0.001658, 6.03854e-07, 6.77045e-10, 0.936301, 0, 0
2.99528, 3.06095, 159.691, 52.7965, 0.000471987, 2.43426e-05, 0.040694, 0.025866, 0, 0
17.9667, 28.5222, 4244.6, 305.311, 0.009041, 0.009041, 0.019104, 0.935286, 0, 0
1.56201, 0.718835, 4.47759, 8.86218, 1.42993e-05, 3.63798e-12, 0.999917, 0.605227, 0, 0
2.29476, 0.893885, 6.22018, 10.7264, 4.25596e-06, 2.83762e-10, 8.75372e-14, 0.909032, 0, 0
2.24233, 0.84014, 8.00043, 11.5494, 0.000430857, 9.09495e-13, 1.78261e-07, 0.867387, 0, 0
2.5216, 1.30305, 15.1219, 15.3457, 0.199591, 3.60887e-08, 8.77724e-07, 0.033288, 0, 0
1.6488, 1.04964, 12.0831, 14.4091, 0.027533, 9.09495e-13, 0.038035, 0.889471, 0, 0
2.36383, 1.32142, 15.068, 16.8001, 0.532709, 7.83984e-10, 1.24867e-08, 0.795907, 0, 0
6.66977, 23.2828, 207.746, 313.106, 1.85702e-07, 1.49339e-09, 4.61461e-10, 0.833836, 0, 0
34.0487, 71.6574, 20917.8, 609.637, 0.255875, 2.43426e-05, 0.999951, 0.412039, 0, 0
2.66977, 0.760119, 9.02275, 13.6027, 4.12576e-05, 1.08439e-06, 2.21554e-10, 0.946192, 0, 0
6.29507, 15.9245, 1214.3, 253.097, 0.007632, 5.52973e-10, 0.223836, 0.955626, 0, 0
1.48518, 0.970702, 7.72377, 12.1684, 0.874629, 1.81899e-12, 0.000626618, 0.802276, 0, 0
3.22756, 4.93866, 193.865, 72.6588, 0.020074, 5.52973e-10, 0.001049, 0.997178, 0, 0
5.56321, 15.076, 1265.32, 182.459, 0.749259, 7.02548e-05, 5.58548e-13, 0.610737, 0, 0
6.48598, 13.3269, 1642.58, 178.136, 0.735879, 3.46545e-06, 0.000296864, 0.06453, 0, 0
1.88556, 0.619158, 5.65652, 9.15029, 0.00145, 9.09495e-13, 7.97074e-05, 0.21028, 0, 0
1.86568, 0.511652, 3.924, 7.98416, 0.011508, 9.09495e-13, 2.27417e-11, 0.933703, 0, 0
2.44201, 0.575561, 16.9245, 16.508, 0.059584, 1.02584e-07, 2.6897e-06, 0.87943, 0, 0
1.40117, 0.342841, 3.27035, 7.32888, 0.117275, 9.09495e-13, 7.83463e-08, 0.979423, 0, 0
1.18215, 0.435003, 2.70444, 7.88432, 2.53208e-05, 9.09495e-13, 0.000234484, 0.990475, 0, 0
1.9208, 1.22013, 11.3222, 17.928, 0.002221, 7.45786e-11, 2.31145e-05, 0.938198, 0, 0
1.5626, 0.383867, 5.42211, 10.0216, 4.8736e-06, 7.84157e-07, 6.73659e-07, 0.944401, 0, 0
42.3624, 75.9748, 24986.4, 636.251, 1, 9.09495e-13, 0.000168819, 0.698074, 0, 0
1.66764, 0.67398, 7.41477, 12.37, 0.000430857, 9.09495e-13, 0.001099, 0.998643, 0, 0
1.43809, 0.400984, 2.66234, 7.58153, 2.53208e-05, 9.09495e-13, 6.62148e-05, 0.995277, 0, 0
2.2172, 1.68612, 20.968, 22.9526, 0.009475, 0.053252, 0.042139, 0.925139, 0, 0
25.5859, 55.1925, 1087.85, 341.005, 0.006427, 0.000679548, 1, 0.464388, 0, 0
1.59329, 0.377735, 3.33456, 7.80197, 1, 9.09495e-13, 0.000127025, 0.557534, 0, 0
5.56926, 14.4175, 2401.45, 224.656, 0.429591, 0.002221, 0.976528, 0.226426, 0, 0
1.43264, 0.588299, 5.38957, 8.94211, 0.009475, 3.35316e-07, 0.0004175, 0.994876, 0, 0
1.85662, 0.686321, 7.98277, 11.5233, 0.405032, 1.94158e-06, 2.82879e-07, 0.992559, 0, 0
1.72422, 0.482723, 4.42448, 9.24331, 0.000294077, 2.84126e-09, 1.16453e-05, 0.976125, 0, 0
2.19812, 0.366585, 4.99052, 9.42723, 0.011508, 9.09495e-13, 2.43926e-07, 0.93082, 0, 0
1.3773, 0.748454, 4.27503, 9.91209, 0.059584, 9.09495e-13, 0.002787, 0.779374, 0, 0
1.75964, 0.534004, 4.54772, 8.70983, 0.059584, 9.09495e-13, 7.29843e-09, 0.773271, 0, 0
1.33902, 0.515901, 3.99489, 8.24934, 0.038477, 1.81899e-12, 7.25982e-07, 0.994733, 0, 0
1.59599, 0.663502, 7.33518, 11.6073, 0.755229, 9.09495e-13, 0.165491, 0.814835, 0, 0
1.71957, 0.50541, 6.65831, 12.4318, 0.059584, 9.09495e-13, 0.011237, 0.93575, 0, 0
3.10445, 1.9593, 43.8174, 34.5639, 0.532709, 3.81988e-11, 3.18491e-06, 0.821748, 0, 0
1.70958, 0.477584, 4.83156, 9.02904, 0.871415, 5.39876e-09, 1.85173e-06, 0.966709, 0, 0
2.30682, 1.78075, 36.1305, 34.8399, 1, 1.04792e-08, 5.85208e-06, 0.994595, 0, 0
2.07684, 0.74996, 9.84982, 11.9275, 0.635828, 1.49339e-09, 5.3476e-07, 0.949654, 0, 0
1.72254, 0.500816, 4.5313, 8.33101, 1, 7.27596e-12, 6.79339e-09, 0.611498, 0, 0
1.46716, 0.522138, 3.7494, 7.8327, 1, 1.45519e-11, 0.000290119, 0.99437, 0, 0
2.40229, 1.79407, 54.6847, 34.9763, 0.059584, 7.83984e-10, 0.001068, 0.679859, 0, 0
2.24328, 0.673311, 6.43965, 10.9205, 0.098872, 1.02446e-08, 1.28903e-09, 0.990539, 0, 0
2.35809, 0.909878, 11.2665, 13.3553, 0.211024, 9.09495e-13, 1.25092e-07, 0.992468, 0, 0
2.23143, 1.34414, 38.7019, 27.014, 0.053252, 1.42993e-05, 0.001385, 0.147112, 0, 0
1.8067, 0.781727, 5.41215, 9.23534, 0.255875, 7.27596e-12, 5.12613e-07, 0.998516, 0, 0
2.58013, 2.16536, 51.1789, 39.5634, 0.417692, 2.83762e-10, 0.005957, 0.99902, 0, 0
1.80278, 2.30575, 18.0539, 37.5662, 0.108129, 2.42991e-06, 1.93239e-06, 0.15918, 0, 0
1.8838, 0.464994, 8.29504, 12.1286, 1, 2.84126e-09, 1.92896e-06, 0.945942, 0, 0
3.91685, 9.04526, 118.539, 126.12, 0.000471987, 5.39876e-09, 2.52368e-10, 0.347268, 0, 0
1.84561, 0.341887, 2.56994, 6.96555, 0.000182166, 1.81899e-12, 6.98339e-10, 0.956737, 0, 0
2.45426, 0.621108, 9.25999, 13.9033, 0.000430857, 9.09495e-13, 1.45517e-05, 0.147157, 0, 0
2.10518, 0.673163, 10.5549, 13.3327, 2.53208e-05, 3.81988e-11, 3.52977e-06, 0.072575, 0, 0
1.89983, 0.916412, 9.07556, 12.8263, 0.532709, 9.09495e-13, 6.65369e-06, 0.391533, 0, 0
2.18164, 1.30708, 15.7178, 15.6492, 0.004324, 1.02584e-07, 0.027569, 0.735016, 0, 0
